# d_z
1.000000000000000000e+00
9.974949259603490548e-01
9.949768379806634977e-01
9.924469719734808626e-01
9.899064481847964503e-01
9.873563564865401876e-01
9.847977200928667019e-01
9.822316340397476697e-01
9.796590154741324774e-01
9.770808416301254296e-01
9.744980293804503813e-01
9.719114212348474169e-01
9.693218413682378465e-01
9.667301350427169870e-01
9.641370456300664138e-01
9.615432821620971682e-01
9.589495719532888929e-01
9.563565288038294865e-01
9.537647985160684350e-01
9.511750083434405978e-01
9.485876460584704573e-01
9.460032581175078503e-01
9.434223971176975976e-01
9.408454774889113414e-01
9.382729967671717963e-01
9.357052872818334421e-01
9.331427728868192384e-01
9.305858559636689398e-01
9.280348629825456719e-01
9.254901008967342246e-01
9.229518422409236367e-01
9.204203882555970218e-01
9.178960188740781234e-01
9.153788878150063146e-01
9.128692751885660872e-01
9.103673777635739039e-01
9.078733743599168848e-01
9.053874370039786124e-01
9.029096709034709622e-01
9.004402770507152765e-01
8.979793414403992591e-01
8.955269989196281699e-01
8.930833249907160765e-01
8.906484110077690364e-01
8.882223497775034726e-01
8.858052199082051548e-01
8.833970449578089079e-01
8.809978706683028182e-01
8.786078067731388774e-01
8.762267822376308413e-01
8.738549019760752934e-01
8.714921487550872925e-01
8.691385355498589815e-01
8.667940751416907119e-01
8.644587633024444218e-01
8.621325872989146211e-01
8.598155391194540753e-01
8.575075960366372874e-01
8.552087660736253927e-01
8.529189731064471536e-01
8.506382487369194001e-01
8.483664902068034364e-01
8.461037094753867116e-01
8.438498600296977514e-01
8.416049010293731314e-01
8.393687716275812782e-01
8.371414181977500091e-01
8.349228138665955035e-01
8.327129141507102483e-01
8.305116336774619468e-01
8.283189729822061365e-01
8.261348173939526696e-01
8.239591315968246565e-01
8.217918213750984302e-01
8.196328795427938463e-01
8.174822115953630508e-01
8.153397818381120654e-01
8.132054821787226828e-01
8.110792929543642060e-01
8.089611228779112206e-01
8.068509059187773946e-01
8.047485551297521855e-01
8.026540868150739971e-01
8.005673443067136130e-01
7.984882937407689063e-01
7.964168877496996535e-01
7.943530060741509358e-01
7.922966046999651013e-01
7.902476266695818152e-01
7.882060156019139452e-01
7.861716428984740768e-01
7.841445470343829660e-01
7.821245271107748476e-01
7.801116071605683766e-01
7.781057213996273036e-01
7.761067412216604566e-01
7.741146802351416278e-01
7.721293619318218004e-01
7.701508301440380677e-01
7.681789484458537709e-01
7.662136742298211178e-01
7.642549396435822651e-01
7.623026770179632816e-01
7.603568068723319806e-01
7.584172884276585425e-01
7.564840339697087579e-01
7.545570099931616648e-01
7.526361340799416766e-01
7.507213417631426466e-01
7.488126033571802509e-01
7.469098117003839521e-01
7.450128755152704008e-01
7.431218186387713587e-01
7.412365104084199796e-01
7.393569335454154290e-01
7.374830222615775810e-01
7.356146741477569417e-01
7.337518928151058883e-01
7.318946171175912951e-01
7.300427009178602766e-01
7.281961583140131866e-01
7.263549377354929781e-01
7.245189539597600703e-01
7.226881692788837963e-01
7.208624968681532907e-01
7.190419376764924930e-01
7.172263692991033279e-01
7.154157970340533357e-01
7.136101185281927828e-01
7.118093081101016795e-01
7.100133257480940596e-01
7.082221175592167128e-01
7.064355918686142655e-01
7.046536916668990624e-01
7.028764363603194898e-01
7.011037002108400085e-01
6.993354726630767182e-01
6.975717245460675286e-01
6.958123357807078913e-01
6.940573223127982638e-01
6.923066116064596764e-01
6.905601503602517566e-01
6.888179062754795634e-01
6.870798240584962135e-01
6.853458348028005354e-01
6.836159363835030423e-01
6.818900478162570611e-01
6.801681686804300631e-01
6.784501822412323246e-01
6.767360748135244908e-01
