# da
0.000000000000000000e+00
8.782198417350201680e+01
1.713965846779753406e+02
2.509585531545384640e+02
3.267260975724072978e+02
3.989023839541937946e+02
4.676768720876103202e+02
5.332265061560393633e+02
5.957167783119724618e+02
6.553026807513756467e+02
7.121295597496300616e+02
7.663338833305710978e+02
8.180439327096391935e+02
8.673804263394338250e+02
9.144570842572906031e+02
9.593811394617364385e+02
1.002253802204594308e+03
1.043170682358386784e+03
1.082222174388320809e+03
1.119493808910562848e+03
1.155066574342174590e+03
1.189017211733044405e+03
1.221418485508018421e+03
1.252339432531082139e+03
1.281845591626688474e+03
1.309999215450971178e+03
1.336859466393096682e+03
1.362482598000487542e+03
1.386922123257812018e+03
1.410228970905472352e+03
1.432451630856448446e+03
1.453636289658504438e+03
1.473826956850117540e+03
1.493065582971261847e+03
1.511392169913243151e+03
1.528844874223440229e+03
1.545460103920469692e+03
1.561272609321576283e+03
1.576315568336451634e+03
1.590620666639271576e+03
1.604218173092978532e+03
1.617137010766171898e+03
1.629404823852851450e+03
1.641048040778352515e+03
1.652091933750663202e+03
1.662560674994675765e+03
1.672477389887418440e+03
1.681864207194814526e+03
1.690742306594640695e+03
1.699131963656110202e+03
1.707052592433497921e+03
1.714522785819521005e+03
1.721560353793498280e+03
1.728182359689590839e+03
1.734405154601562799e+03
1.740244410032431688e+03
1.745715148889923739e+03
1.750831774921896113e+03
1.755608100679636436e+03
1.760057374091201609e+03
1.764192303721689541e+03
1.768025082792451258e+03
1.771567412026738111e+03
1.774830521385120846e+03
1.777825190750128968e+03
1.780561769615997264e+03
1.783050195836045759e+03
1.785300013477143239e+03
1.787320389827782719e+03
1.789120131603639493e+03
1.790707700391930757e+03
1.792091227373582342e+03
1.793278527359978170e+03
1.794277112179020833e+03
1.795094203443314655e+03
1.795736744731463659e+03
1.796211413211779018e+03
1.796524630736101017e+03
1.796682574429950819e+03
1.796691186803804158e+03
1.796556185408971942e+03
1.796283072060309905e+03
1.795877141646824839e+03
1.795343490550113529e+03
1.794687024689554846e+03
1.793912467212174533e+03
1.793024365844176828e+03
1.792027099920263709e+03
1.790924887106034475e+03
1.789721789827986868e+03
1.788421721424870839e+03
1.787028452033496478e+03
1.785545614221394771e+03
1.783976708378125977e+03
1.782325107876441280e+03
1.780594064013937214e+03
1.778786710745313940e+03
1.776906069214854142e+03
1.774955052098263423e+03
1.772936467762551047e+03
1.770853024252225850e+03
1.768707333109664205e+03
1.766501913037125860e+03
1.764239193407534231e+03
1.761921517630796870e+03
1.759551146382104662e+03
1.757130260698358370e+03
1.754660964948548326e+03
1.752145289683671763e+03
1.749585194371471289e+03
1.746982570021058564e+03
1.744339241702219852e+03
1.741656970964007996e+03
1.738937458156963203e+03
1.736182343694640622e+03
1.733393214008681298e+03
1.730571597974514816e+03
1.727718972585560550e+03
1.724836763941792242e+03
1.721926349074864220e+03
1.718989057702297941e+03
1.716026173913725415e+03
1.713038937792027582e+03
1.710028546972118193e+03
1.706996158139965701e+03
1.703942888474340180e+03
1.700869817033673826e+03
1.697777986090285367e+03
1.694668402414150705e+03
1.691542038508289352e+03
1.688399833797744805e+03
1.685242695774047888e+03
1.682071501096977727e+03
1.678887096655354526e+03
1.675690300588498758e+03
1.672481903269970871e+03
1.669262668255064909e+03
1.666033333193547378e+03
1.662794610708982873e+03
1.659547189246014113e+03
1.656291733886823977e+03
1.653028887138031450e+03
1.649759269689159282e+03
1.646483481143795871e+03
1.643202100724514594e+03
1.639915687952577628e+03
1.636624783303395134e+03
1.633329908838680922e+03
1.630031568816201570e+03
1.626730250277981440e+03
