# f_z
1.236616286671320258e-01
1.271684305746676735e-01
1.306553280285672469e-01
1.341246795168276884e-01
1.375760686686486323e-01
1.410097767300746985e-01
1.444201076901850955e-01
1.478077246932741617e-01
1.511738787254991445e-01
1.545129357329318998e-01
1.578275997719128798e-01
1.611181071377326135e-01
1.643799544493335651e-01
1.676129768186246649e-01
1.708208028904641684e-01
1.739989422370270822e-01
1.771492132470311176e-01
1.802731478251076713e-01
1.833646515696710777e-01
1.864298450541733154e-01
1.894705320876826082e-01
1.924779032783816013e-01
1.954591150794666166e-01
1.984120205916043989e-01
2.013386333983059884e-01
2.042422805735134295e-01
2.071143711271940524e-01
2.099599993851561375e-01
2.127812653988799818e-01
2.155792307951663322e-01
2.183532219841360922e-01
2.210985872741511038e-01
2.238251772538225048e-01
2.265301752920249601e-01
2.292081241404727576e-01
2.318664572320753847e-01
2.345021796133018865e-01
2.371213270851306454e-01
2.397188923388067217e-01
2.422955455006578496e-01
2.448552658467787468e-01
2.473961253763435897e-01
2.499217273731061673e-01
2.524290745988619356e-01
2.549181493871091053e-01
2.573927274497430084e-01
2.598568457077879978e-01
2.622987498494742109e-01
2.647309905280038067e-01
2.671518681689993846e-01
2.695544997956266231e-01
2.719493764501480504e-01
2.743304791087692873e-01
2.767001037958576326e-01
2.790598757751101555e-01
2.814090428017710366e-01
2.837495559304276105e-01
2.860774339533219690e-01
2.883998974108997748e-01
2.907118756665812986e-01
2.930166471112911619e-01
2.953170429008037945e-01
2.976052230460860537e-01
2.998884570156246099e-01
3.021658606404428182e-01
3.044399238605149938e-01
3.067072236594363122e-01
3.089655370515902999e-01
3.112236893984288710e-01
3.134736043663772231e-01
3.157199399323160627e-01
3.179659365279176586e-01
3.202096669769701198e-01
3.224484833132079120e-01
3.246827220359561617e-01
3.269151451589305535e-01
3.291474158857421450e-01
3.313780726338523830e-01
3.336044621765350549e-01
3.358324692738896000e-01
3.380637357961377987e-01
3.402855865427633075e-01
3.425079469599401905e-01
3.447394532566734893e-01
3.469607747635584660e-01
3.491884878690496574e-01
3.514200891552300421e-01
3.536486122110247265e-01
3.558739026705989295e-01
3.581106842856197070e-01
3.603394658081613411e-01
3.625741192598123108e-01
3.648199814744689240e-01
3.670496596819061708e-01
3.692967647424752475e-01
3.715385666601637160e-01
3.737896405542210365e-01
3.760441140338901533e-01
3.782939098639752640e-01
3.805574468633763363e-01
3.828189330119035061e-01
3.850859054184028185e-01
3.873598570218321768e-01
3.896359826311714958e-01
3.919174593086875991e-01
3.942032116212018100e-01
3.964910394748238920e-01
3.987894826228440825e-01
4.010870409464821207e-01
4.033898611503118348e-01
4.057134993686205005e-01
4.080306018594934692e-01
4.103528007973943348e-01
4.126884275212772679e-01
4.150197419158610512e-01
4.173691649827046546e-01
4.197226629207820858e-01
4.220690197773316887e-01
4.244409766026420172e-01
4.268223453392882005e-01
4.291952957236137012e-01
4.315841870944105985e-01
4.339794135462012870e-01
4.363869287552036846e-01
4.387960122149424658e-01
4.412168427073420718e-01
4.436475657531152583e-01
4.460828730638029538e-01
4.485339706250794922e-01
4.509850020140380167e-01
4.534437923835120676e-01
4.559170894265241469e-01
4.584111634037583705e-01
4.608988110449980802e-01
4.633984879806838930e-01
4.659188524328546910e-01
4.684310146476131642e-01
4.709679637183055156e-01
4.735153345525079382e-01
4.760627007169050406e-01
4.786302319752497314e-01
4.812048402738962061e-01
4.837876879406242114e-01
4.863904934586001927e-01
4.889975284028363345e-01
4.916167816569043669e-01
4.942442925753777749e-01
4.968870398099740626e-01
4.995545784232656161e-01
5.022144484847240742e-01
