# fsigma_8
4.387226208812449735e-01
4.441203261415763714e-01
4.491631525118880974e-01
4.538568189511393847e-01
4.582078665451404520e-01
4.622235600462349936e-01
4.659118090384475885e-01
4.692810591642447293e-01
4.723402391625315944e-01
4.750986547012411298e-01
4.775659400151022749e-01
4.797519629133845109e-01
4.816667802129922515e-01
4.833205643665568485e-01
4.847235433263063498e-01
4.858859802277283313e-01
4.868180736303790446e-01
4.875299832341902784e-01
4.880317341120734564e-01
4.883332065032329194e-01
4.884441274138409672e-01
4.883740045927355555e-01
4.881321375089110459e-01
4.877275984915113716e-01
4.871691911395018559e-01
4.864654693379520944e-01
4.856247094300557565e-01
4.846549148345769553e-01
4.835638101052393556e-01
4.823588170521447283e-01
4.810470881917307540e-01
4.796354861818921678e-01
4.781305897256880599e-01
4.765386925675862972e-01
4.748658294422093973e-01
4.731177402869498616e-01
4.712999091845461175e-01
4.694175928413200083e-01
4.674757287310719600e-01
4.654790791033863728e-01
4.634321214132118283e-01
4.613391395402854922e-01
4.592041724967704242e-01
4.570310529309902225e-01
4.548234038185771655e-01
4.525846770433872845e-01
4.503180959907590042e-01
4.480267395253686447e-01
4.457134857159410490e-01
4.433810666931400357e-01
4.410320417920132186e-01
4.386688379106705726e-01
4.362937207947960583e-01
4.339088308798839666e-01
4.315161674557873583e-01
4.291176233359305092e-01
4.267149556353850293e-01
4.243098269975327241e-01
4.219037821201379601e-01
4.194982651005161323e-01
4.170946322393778716e-01
4.146941400182478366e-01
4.122979779677203305e-01
4.099072364868354135e-01
4.075229349012781666e-01
4.051460251575021432e-01
4.027773859272048562e-01
4.004178368714874092e-01
3.980681316892931698e-01
3.957289707648296573e-01
3.934009980114834826e-01
3.910848000662801027e-01
3.887809330972187838e-01
3.864898964881393617e-01
3.842121473557150169e-01
3.819481040837773289e-01
3.796981400290743158e-01
3.774626026834489445e-01
3.752418158940690751e-01
3.730360521238471616e-01
3.708455629352696570e-01
3.686705666256534508e-01
3.665112669472394002e-01
3.643678335266669621e-01
3.622404252021103610e-01
3.601291636863200307e-01
3.580341632125046414e-01
3.559555098397456097e-01
3.538932736365004716e-01
3.518475210227127725e-01
3.498182891699291308e-01
3.478056060095961466e-01
3.458094847574736397e-01
3.438299295355381480e-01
3.418669224566556752e-01
3.399204579237654067e-01
3.379904843733730346e-01
3.360769801146470948e-01
3.341798873071574194e-01
3.322991488100257018e-01
3.304347088696502066e-01
3.285864858019770240e-01
3.267544092993373006e-01
3.249383941440519563e-01
3.231383549698851332e-01
3.213541913440190467e-01
3.195858129343189247e-01
3.178331075920369786e-01
3.160959753514054338e-01
3.143743104648636377e-01
3.126679992276886200e-01
3.109769206411851505e-01
3.093009621031662659e-01
3.076399971877736839e-01
3.059939152056870837e-01
3.043625778759360134e-01
3.027458700059275643e-01
3.011436608784716085e-01
2.995558249092793446e-01
2.979822273975021862e-01
2.964227445832398611e-01
2.948772426306036087e-01
2.933455947070123249e-01
2.918276592011892490e-01
2.903233137440185407e-01
2.888324221602376896e-01
2.873548550754611020e-01
2.858904784455087444e-01
2.844391593497948567e-01
2.830007694332832835e-01
2.815751746603435413e-01
2.801622442623145637e-01
2.787618531328167615e-01
2.773738619089763380e-01
2.759981519764366231e-01
2.746345833721453022e-01
2.732830378186276721e-01
2.719433858902946533e-01
2.706154973726496160e-01
2.692992507468026653e-01
2.679945235017031080e-01
2.667011854103527591e-01
2.654191193885866440e-01
2.641482004806291473e-01
2.628883088848953387e-01
2.616393260889937622e-01
2.604011303878961403e-01
2.591736081065036390e-01
2.579566398885390632e-01
2.567501126336775297e-01
