# h
6.726999999999999602e+01
6.792349256115041101e+01
6.859678218709436237e+01
6.928980215636093476e+01
7.000247168078621485e+01
7.073469681940669318e+01
7.148637139159367848e+01
7.225737788370632586e+01
7.304758834403835976e+01
7.385686526135638985e+01
7.468506242285818075e+01
7.553202574791517065e+01
7.639759409448805627e+01
7.728160003561735891e+01
7.818387060388084819e+01
7.910422800217260431e+01
8.004249027959482987e+01
8.099847197165119894e+01
8.197198470429906081e+01
8.296283776174524860e+01
8.397083861816648209e+01
8.499579343379147645e+01
8.603750751600698266e+01
8.709578574634022630e+01
8.817043297432998372e+01
8.926125437942836527e+01
9.036805580218013745e+01
9.149064404600403577e+01
9.262882715095852859e+01
9.378241464091122737e+01
9.495121774555016714e+01
9.613504959868083688e+01
9.733372541424260760e+01
9.854706264145850980e+01
9.977488110050396131e+01
1.010170031000397586e+02
1.022732535379154513e+02
1.035434599862956446e+02
1.048274527624142678e+02
1.061250649861036948e+02
1.074361326251907371e+02
1.087604945297930783e+02
1.100979924564931309e+02
1.114484710833073962e+02
1.128117780163146904e+02
1.141877637887494501e+02
1.155762818533140148e+02
1.169771885684111936e+02
1.183903431789486831e+02
1.198156077923187581e+02
1.212528473501119350e+02
1.227019295960786422e+02
1.241627250408141236e+02
1.256351069236003326e+02
1.271189511718053922e+02
1.286141363582042061e+02
1.301205436565537923e+02
1.316380567957269534e+02
1.331665620126789236e+02
1.347059480044970883e+02
1.362561058797593603e+02
1.378169291094055211e+02
1.393883134773032282e+02
1.409701570306745566e+02
1.425623600305280831e+02
1.441648249022292418e+02
1.457774561863236897e+02
1.474001604897170239e+02
1.490328464373005204e+02
1.506754246241031296e+02
1.523278075680374286e+02
1.539899096632999260e+02
1.556616471344757997e+02
1.573429379913919774e+02
1.590337019847554245e+02
1.607338605626047183e+02
1.624433368276012857e+02
1.641620554951786346e+02
1.658899428525635358e+02
1.676269267186805507e+02
1.693729364049455342e+02
1.711279026769532550e+02
1.728917577170574305e+02
1.746644350878423211e+02
1.764458696964817648e+02
1.782359977599774652e+02
1.800347567712711054e+02
1.818420854662172417e+02
1.836579237914085923e+02
1.854822128728394262e+02
1.873148949853959948e+02
1.891559135231573521e+02
1.910052129704937158e+02
1.928627388739463981e+02
1.947284378148735868e+02
1.966022573828458633e+02
1.984841461497744604e+02
2.003740536447570832e+02
2.022719303296229612e+02
2.041777275751616685e+02
2.060913976380178383e+02
2.080128936382366476e+02
2.099421695374414867e+02
2.118791801176290335e+02
2.138238809605647077e+02
2.157762284277625326e+02
2.177361796410332602e+02
2.197036924635857815e+02
2.216787254816661061e+02
2.236612379867187883e+02
2.256511899580558236e+02
2.276485420460193438e+02
2.296532555556226782e+02
2.316652924306575017e+02
2.336846152382518653e+02
2.357111871538670300e+02
2.377449719467197724e+02
2.397859339656179998e+02
2.418340381251963151e+02
2.438892498925415566e+02
2.459515352741939012e+02
2.480208608035157170e+02
2.500971935284135839e+02
2.521805009994058082e+02
2.542707512580229263e+02
2.563679128255326987e+02
2.584719546919781124e+02
2.605828463055207180e+02
2.627005575620789273e+02
2.648250587952522324e+02
2.669563207665238451e+02
2.690943146557309547e+02
2.712390120517987384e+02
2.733903849437238591e+02
2.755484057118071632e+02
2.777130471191208017e+02
2.798842823032096589e+02
2.820620847680132215e+02
2.842464283760075432e+02
2.864372873405550308e+02
2.886346362184606846e+02
2.908384499027244487e+02
2.930487036154872271e+02
2.952653729011618680e+02
2.974884336197458765e+02
2.997178619403086941e+02
3.019536343346494505e+02
3.041957275711197326e+02
3.064441187086059699e+02
3.086987850906682525e+02
