# sigma_8
8.314540611940329784e-01
8.226253864191326315e-01
8.138674652320025960e-01
8.051843564495329009e-01
7.965797517107724435e-01
7.880570342215263979e-01
7.796192601356896068e-01
7.712691389308049539e-01
7.630091402024509195e-01
7.548414235711070619e-01
7.467678575374034899e-01
7.387900936925123618e-01
7.309095084006786980e-01
7.231272677780145042e-01
7.154443048194353283e-01
7.078613656289219902e-01
7.003789794837351756e-01
6.929975360055296019e-01
6.857172032498836112e-01
6.785380474126775363e-01
6.714599621783791106e-01
6.644827063926194155e-01
6.576059461051685373e-01
6.508291843715874325e-01
6.441518637539697112e-01
6.375733151290343681e-01
6.310927861963285812e-01
6.247094538527372398e-01
6.184224097847057511e-01
6.122306983388323687e-01
6.061333031629577706e-01
6.001291516381780378e-01
5.942171296759912735e-01
5.883961087071376550e-01
5.826648892591279605e-01
5.770222650256427999e-01
5.714670138395466781e-01
5.659978685630645545e-01
5.606135824019317093e-01
5.553128622509135859e-01
5.500944153401128300e-01
5.449569602451320716e-01
5.398991980886755915e-01
5.349198256990832512e-01
5.300175591318750934e-01
5.251910958057781631e-01
5.204391535354671028e-01
5.157604532241343298e-01
5.111537258124346783e-01
5.066177101957943796e-01
5.021511627738162176e-01
4.977528424016484099e-01
4.934215283094187665e-01
4.891560183676050833e-01
4.849551180766480396e-01
4.808176391346965506e-01
4.767424376802771868e-01
4.727283606174827457e-01
4.687742773773588834e-01
4.648790921020948264e-01
4.610417015486279468e-01
4.572610372185126337e-01
4.535360370210067549e-01
4.498656706906538627e-01
4.462489121504581990e-01
4.426847646346649401e-01
4.391722456814828313e-01
4.357103874897532703e-01
4.322982474598671132e-01
4.289348891650932027e-01
4.256194052812357631e-01
4.223509030367408879e-01
4.191285057501794031e-01
4.159513569502136243e-01
4.128186065653947079e-01
4.097294407162171970e-01
4.066830400356094555e-01
4.036786206786155407e-01
4.007154020956491536e-01
3.977926279453494196e-01
3.949095498433695672e-01
3.920654394394880726e-01
3.892595830274996338e-01
3.864912840643412451e-01
3.837598565879788426e-01
3.810646282680056895e-01
3.784049454210443586e-01
3.757801598546085531e-01
3.731896466878116825e-01
3.706327948108777415e-01
3.681089913980405415e-01
3.656176539098736633e-01
3.631581982469740399e-01
3.607300686148071645e-01
3.583326986724114649e-01
3.559655549957236875e-01
3.536281038502600005e-01
3.513198224752294707e-01
3.490402082633302649e-01
3.467887600605332743e-01
3.445649927808698276e-01
3.423684214432339834e-01
3.401985854906050544e-01
3.380550256293708422e-01
3.359372944710593556e-01
3.338449510442519363e-01
3.317775659558255263e-01
3.297347179310077259e-01
3.277159979464299155e-01
3.257209997225469778e-01
3.237493324142998175e-01
3.218006008455271960e-01
3.198744274351570382e-01
3.179704515039182278e-01
3.160882965405552025e-01
3.142276123798769527e-01
3.123880441709104838e-01
3.105692553346301454e-01
3.087709111022099995e-01
3.069926763273028159e-01
3.052342381142793548e-01
3.034952730600078974e-01
3.017754759482275673e-01
3.000745394561127877e-01
2.983921755387680674e-01
2.967280830523415514e-01
2.950819837426342240e-01
2.934535940597332027e-01
2.918426421891174849e-01
2.902488564908735080e-01
2.886719734484087807e-01
2.871117395341621914e-01
2.855678967061225371e-01
2.840401957150083811e-01
2.825283949552278018e-01
2.810322551400558644e-01
2.795515399763074393e-01
2.780860178648731917e-01
2.766354668156983942e-01
2.751996656675522734e-01
2.737783943547663079e-01
2.723714381874689505e-01
2.709785929893844258e-01
2.695996494763945872e-01
2.682344097860229759e-01
2.668826680226956127e-01
2.655442413314973438e-01
2.642189312402304369e-01
2.629065517364791438e-01
2.616069259922120249e-01
