# bin_2
0.000000000000000000e+00
4.316440474942956466e-24
8.083987576389687448e-22
7.049288811845062381e-20
3.991368807867670205e-18
1.629503563070703396e-16
5.035476989164963201e-15
1.212069365509141694e-13
2.319070422098973766e-12
3.584527669269296579e-11
4.538495693958177025e-10
4.765506122722474426e-09
4.196233801780991726e-08
3.130221511522909129e-07
1.996685817688112613e-06
1.098542761392823545e-05
5.255266723200202497e-05
2.202539862070841843e-04
8.145146358917778337e-04
2.675813703604169261e-03
7.859491964405003472e-03
2.076821305947373561e-02
4.966587915689119059e-02
1.081139945586295226e-01
2.154373673963359825e-01
3.951699633964120273e-01
6.708950138135173491e-01
1.060008739922783993e+00
1.567230340935718003e+00
2.180359114127507159e+00
2.870259524969142273e+00
3.595440077829506365e+00
4.309682896857895074e+00
4.969981994218081844e+00
5.542143000587874901e+00
6.002645926128939102e+00
6.337080111261454540e+00
6.536814463434325262e+00
6.596031236753766791e+00
6.510742164057448100e+00
6.280240454063578781e+00
5.910170032045609645e+00
5.415565369430684228e+00
4.822163684351090218e+00
4.164994337976449579e+00
3.484352912597288743e+00
2.820263574072131796e+00
2.207015442795161153e+00
1.669197264176095707e+00
1.220015803414319144e+00
8.618989867199438049e-01
5.887704883833240199e-01
3.891074509291752026e-01
2.489519980399563237e-01
1.543168417683948579e-01
9.275158366491022266e-02
5.410272428768486686e-02
3.065491269817520806e-02
1.688751900726918539e-02
9.053615316618942102e-03
4.727970292239393017e-03
2.407286924246059695e-03
1.196137250631218148e-03
5.805344003992459400e-04
2.754579647770861311e-04
1.278915273788839299e-04
5.815100612852796880e-05
2.591567434461046089e-05
1.132945314909019619e-05
4.862260271299739127e-06
2.050133707918844879e-06
8.498906116604510064e-07
3.466515452570195383e-07
1.392115524179128003e-07
5.508111195200558258e-08
2.148618561139509873e-08
8.268370032469139077e-09
3.140872006965066258e-09
1.178439735151763524e-09
4.369581538469593501e-10
1.602093578678998373e-10
5.811438392903030511e-11
2.086658863449990020e-11
7.420070937815430103e-12
2.614344428296110849e-12
9.130990784591963052e-13
3.162777577319198245e-13
1.086935148877957129e-13
3.707703130862075980e-14
1.255880859389315371e-14
4.225750531552264863e-15
1.412976964641482332e-15
4.696781265695341384e-16
1.552574114253936871e-16
5.105502844902697669e-17
1.670710406004215469e-17
5.442239516310604586e-18
1.765226763594887655e-18
5.702925114788048408e-19
1.835661568314683304e-19
5.888497495135057886e-20
1.882991186415090159e-20
6.003920674936365873e-21
1.909288381506816852e-21
6.057052520639922900e-22
1.917361671562768105e-22
6.057533059415340999e-23
1.910422217461320045e-23
6.015811684305571335e-24
1.891806597573959839e-24
5.942376091004045500e-25
1.864767710697149523e-25
5.847200802378457162e-26
1.832333973770768321e-26
5.739402020483911027e-27
1.797229328560470490e-27
5.627067800058741679e-28
1.761842788083919322e-28
5.517225567419935750e-29
1.728235365884578335e-29
5.415909545610807785e-30
1.698173215952494137e-30
5.328295648242415962e-31
1.673177800918870420e-31
5.258878488610957992e-32
1.654586269492389337e-32
5.211672702195702224e-33
1.643617564308150448e-33
5.190427872731571747e-34
1.641441896281662717e-34
5.198852591081099748e-35
1.649253051500237566e-35
5.240848540392288636e-36
1.668344577039712726e-36
5.320760208115588655e-37
1.700192318047037145e-37
5.443650242865185439e-38
1.746547183544734266e-38
5.615615072731878538e-39
1.809543566486489342e-39
5.844160749538067217e-40
1.891830732419489111e-40
6.138665775484328171e-41
1.996736967592602548e-41
6.510966792939330047e-42
2.128479664899148852e-42
6.976115665414333971e-43
2.292439267333250069e-43
7.553374307519999388e-44
2.495521709995092346e-44
8.267539011077900520e-45
2.746643609530320209e-45
9.150722433174654104e-46
3.057388276584865205e-46
1.024477399019538485e-46
3.442900652828097338e-47
1.160459580197511523e-47
3.923118470044459830e-48
1.330272309263490540e-48
4.524479786633082387e-49
1.543570259697235242e-49
5.282310420951738726e-50
1.813304683540105467e-50
6.244189178628850165e-51
2.156990739236950708e-51
7.474730415322202097e-52
2.598516066832024942e-52
9.062437720412241431e-53
3.170743527757508373e-53
1.112960914266730921e-53
3.919288950239115044e-54
1.384677640015196815e-54
4.908052137375721619e-55
1.745393844335871994e-55
6.227386577915173236e-56
2.229206526535879832e-56
8.006275297174462617e-57
2.885026319169847924e-57
1.043064301805533262e-57
3.783703678087913923e-58
1.377115217798909883e-58
5.028896180942612285e-59
1.842579029912471520e-59
6.773797390044850463e-60
2.498573949362982823e-60
9.247134892618734331e-61
3.433823509260070341e-61
1.279396373534614098e-61
4.782874463128045209e-62
1.794030009599786421e-62
6.751918674755985258e-63
2.549653710934673129e-63
9.660313413610689212e-64
3.672455885761308012e-64
1.400801062421696118e-64
5.361049461783278898e-65
2.058616478847000866e-65
7.931439070979239023e-66
3.066040836479570413e-66
1.189190955899231095e-66
4.627763512183308138e-67
1.806902209661819428e-67
7.078479337446675002e-68
2.782177798177017595e-68
1.097152560584215898e-68
4.340941197016486933e-69
1.723189026976653282e-69
6.862958199470453466e-70
2.742308896867252037e-70
1.099372935359562199e-70
4.421751393852511938e-71
1.784272069499159175e-71
7.223406876728201678e-72
2.933823639333747644e-72
1.195455583924421531e-72
4.886938913687152931e-73
2.004198938404919983e-73
8.245966146175455399e-74
3.403575164883879235e-74
1.409348601739288920e-74
5.854461219328458330e-75
2.439702841134061711e-75
1.019916068139475273e-75
4.277257428088013750e-76
1.799433040604696068e-76
7.594010199131572615e-77
3.214901205078655863e-77
1.365277058657611181e-77
5.816026116352082041e-78
2.485306413752428332e-78
1.065312861393101610e-78
4.580507469877845288e-79
1.975535038303142559e-79
8.546456294647497348e-80
3.708626190587705674e-80
1.614213985853546375e-80
7.047345978760006862e-81
3.086042307120480029e-81
1.355455543738992462e-81
5.971330361049694604e-82
2.638484890309441959e-82
1.169313774278257133e-82
5.197514260413149945e-83
2.317094205225231603e-83
1.036025056080902240e-83
4.645907555492004484e-84
2.089487420951064883e-84
9.424818371518637033e-85
4.263491243824474220e-85
1.934247443652850661e-85
8.800514434552386452e-86
4.015582479381407173e-86
1.837505241588832729e-86
8.432245475012201748e-87
3.880499038720878458e-87
1.790839497255703881e-87
8.287919954509472596e-88
3.846354262067483857e-88
1.790040727990938329e-88
8.353750195198578534e-89
3.909309364486000079e-89
1.834482700066152924e-89
8.632115996655258441e-90
4.072921343956568558e-90
1.926969895766691580e-90
9.141533039553802419e-91
4.348438987098553115e-91
2.074020400779580474e-91
9.918660323215092493e-92
4.756072009407296599e-92
2.286621593910224035e-92
1.102264258288842085e-92
5.327430257859974134e-93
2.581579640589241781e-93
1.254249913321067789e-93
6.109540232431296518e-94
2.983691953001343335e-94
1.460883412231246111e-94
7.171142940375588349e-95
3.529129399455381806e-95
1.741198615670389088e-95
8.612430440086031218e-96
4.270659944759773757e-96
2.123006309023035094e-96
1.058010058182560690e-96
5.285739169504151485e-97
2.647245968469897849e-97
1.329078780673993016e-97
6.689139526634173333e-98
3.374800776040147213e-98
1.706788262070136352e-98
8.652867569273430496e-99
4.397285497642187577e-99
2.240003908416118280e-99
1.143793748245993529e-99
5.854325007724572423e-100
3.003526452705532468e-100
1.544567825527978608e-100
7.961571162878233351e-101
4.113412403075461141e-101
2.130162894764307625e-101
1.105670951030300606e-101
5.752239416952340521e-102
2.999448723916715099e-102
1.567598521354420781e-102
8.211314014683762297e-103
4.310924358033197329e-103
2.268316239506789170e-103
1.196211042593364493e-103
6.322350713157610774e-104
3.348971972695769595e-104
1.777878983132471522e-104
9.459022312178833110e-105
5.043584594309754548e-105
2.695113301275134576e-105
1.443294890136426130e-105
7.745850979318794072e-106
4.165958349459764670e-106
2.245371244779280594e-106
1.212787126140924928e-106
6.564474242806772795e-107
3.560656229220204247e-107
1.935399686004946119e-107
1.054186922389483006e-107
5.753958864966659780e-108
3.147124346658621943e-108
1.724864339715205282e-108
9.472961298857738103e-109
5.213174561198002991e-109
2.874751976876334286e-109
1.588459140959589505e-109
8.794785063223533368e-110
4.879147060356003793e-110
2.712239787436890473e-110
1.510684499817453812e-110
8.430959830304897618e-111
4.714480940104277907e-111
2.641438168301389326e-111
1.482834975878383891e-111
8.340404883976516517e-112
4.700234749665103051e-112
2.653910431532134525e-112
1.501355381855771891e-112
8.509568904470483395e-113
4.832309682060842399e-113
2.749296031565141558e-113
1.567127328270301688e-113
8.949518761585766136e-114
5.120406212406041772e-114
2.935048989481931225e-114
1.685503132540253161e-114
9.697155208765910995e-115
5.589298388810405377e-115
3.227500759533365354e-115
1.867109916469235590e-115
1.082098414942243227e-115
6.282846385929062200e-116
3.654593560965966067e-116
2.129686381411998841e-116
1.243334647606344429e-116
7.272088734893187883e-117
4.261212297573026539e-117
2.501586200848266870e-117
1.471339673528582858e-117
8.670298174707467067e-118
5.119044039686174713e-118
3.028233543588949037e-118
1.794937524568444017e-118
1.066067079949191515e-118
6.344723497077459532e-119
3.784021536316607644e-119
2.261668713000809990e-119
1.354760706239590779e-119
8.133547553665833988e-120
4.894503409641384306e-120
2.952415726784482065e-120
1.785324526591491179e-120
1.082329435390881789e-120
6.578658900041775256e-121
4.009449332748055262e-121
2.450394921103450491e-121
1.501849458323547682e-121
9.231895150807461260e-122
5.691996473563976230e-122
3.520323616963649216e-122
2.184133691928344187e-122
1.359528481349942964e-122
8.490687006426835373e-123
5.320773252314040543e-123
3.345914951019712194e-123
2.111508486991735608e-123
1.337324327013345533e-123
8.501065738613187635e-124
5.424103097615789196e-124
3.473954078362163170e-124
2.233489063013933775e-124
1.441543094164264183e-124
9.340589227971769060e-125
6.076324343910460135e-125
3.968654066505748127e-125
2.602526676651749080e-125
