# bin_9
0.000000000000000000e+00
0.000000000000000000e+00
0.000000000000000000e+00
0.000000000000000000e+00
0.000000000000000000e+00
0.000000000000000000e+00
0.000000000000000000e+00
0.000000000000000000e+00
0.000000000000000000e+00
0.000000000000000000e+00
0.000000000000000000e+00
0.000000000000000000e+00
0.000000000000000000e+00
0.000000000000000000e+00
0.000000000000000000e+00
0.000000000000000000e+00
0.000000000000000000e+00
2.420921664622108066e-322
3.206651497884077137e-312
1.918875482948204749e-302
5.544828653747131709e-293
7.948790383071678855e-284
5.800721547717304665e-275
2.208662372013143339e-266
4.492323658894551986e-258
4.992185334422723844e-250
3.097071202684380595e-242
1.095006710594523749e-234
2.250472542516724526e-227
2.739992895071504091e-220
2.012475194493509369e-213
9.073600362314486919e-207
2.553590581364442879e-200
4.558339389185293265e-194
5.241165393127448048e-188
3.939407913714158523e-182
1.963262976866152856e-176
6.576446147935968361e-171
1.500235978735625909e-165
2.360226078175802288e-160
2.591990955449614592e-155
2.010289986198364035e-150
1.113517664630260046e-145
4.452801338194602649e-141
1.298903321018499741e-136
2.791705657614711910e-132
4.463684249569316290e-128
5.358913422964955311e-124
4.874174167345182658e-120
3.387719095080259971e-116
1.814270967697140945e-112
7.546797004564264808e-109
2.457212069283691593e-105
6.309242437939838607e-102
1.286731307031114951e-98
2.098877168646475299e-95
2.756655439993722721e-92
2.934145518197601227e-89
2.546803934338712396e-86
1.813604228914909465e-83
1.065742335927790469e-80
5.197191870208354596e-78
2.114726431501933097e-75
7.217582320598422233e-73
2.076771783043345163e-70
5.062671230471014062e-68
1.050579467493414872e-65
1.864374532921412308e-63
2.842002111564508967e-61
3.737421120031252531e-59
4.257800895256502237e-57
4.219059853780814254e-55
3.650552666112939013e-53
2.768573036047676642e-51
1.847131700439793745e-49
1.087988845300253890e-47
5.677117008067101716e-46
2.633018084706331043e-44
1.088938922919128101e-42
4.028421284712888882e-41
1.337101454416202900e-39
3.993634400367872437e-38
1.076426486142263145e-36
2.625505355579460465e-35
5.810562977483410786e-34
1.169849030997140198e-32
2.148046542475550693e-31
3.605980332469113955e-30
5.547547767904518873e-29
7.839326817264592818e-28
1.019833553486379236e-26
1.224044461658242239e-25
1.358312691020626999e-24
1.396458206555364450e-23
1.332745525040822668e-22
1.183037486052988298e-21
9.785856638471156932e-21
7.556876989686220460e-20
5.457589612410243530e-19
3.692536358370297467e-18
2.344464428866192929e-17
1.399158656131670801e-16
7.861126456925045879e-16
4.164552785367062194e-15
2.083391216672653860e-14
9.856612650341349891e-14
4.416289187646699242e-13
1.876559776135462612e-12
7.572314537939163300e-12
2.905541940789019138e-11
1.061485352133073045e-10
3.696842804047726115e-10
1.228870211544646079e-09
3.903495440523238439e-09
1.186248399452940235e-08
3.452718249842980177e-08
9.635791963828798281e-08
2.581190967215734852e-07
6.643758579155778480e-07
1.644797192828132985e-06
3.920569892926020297e-06
9.006333214482766487e-06
1.995827215884194905e-05
4.270503346085935989e-05
8.831059137026902456e-05
1.766494363355768506e-04
3.421036663249256427e-04
6.419807853873347060e-04
1.168344551947364746e-03
2.063780995428429223e-03
3.541220779929710096e-03
5.907263236459308134e-03
9.587501751093506844e-03
1.515121398074313445e-02
2.333162015653823113e-02
3.503697485687157220e-02
5.134733350156160669e-02
7.349220039743729893e-02
1.028056048416341600e-01
1.406574851592334308e-01
1.883633945401380627e-01
2.470780685022461731e-01
3.176817394463418709e-01
4.006706149719538312e-01
4.960640890903970646e-01
6.033406651230043272e-01
7.214121677855375170e-01
8.486418723144765197e-01
9.829072363102928644e-01
1.121702731951056853e+00
1.262273636474863681e+00
1.401768237903731285e+00
1.537394213541314114e+00
1.666565103600790909e+00
1.787024686326830647e+00
1.896940263106934976e+00
1.994959819923963096e+00
2.080232134359647045e+00
2.152392592628792123e+00
2.211520354545942979e+00
2.258074322973507186e+00
2.292816091013576418e+00
2.316727766078544803e+00
2.330931526415470412e+00
2.336616228976216014e+00
2.334974637441234790e+00
2.327153119172472362e+00
2.314214152930492929e+00
2.297110809241530660e+00
2.276671560911765813e+00
2.253593347612342868e+00
2.228440713314034927e+00
2.201648994144499216e+00
2.173529883226536175e+00
2.144278164251183671e+00
2.113978918012910935e+00
2.082615004484404508e+00
2.050075054367793914e+00
2.016162524879819617e+00
1.980606552002622145e+00
1.943075345786487329e+00
1.903192722560981265e+00
1.860558062317120065e+00
1.814769554365875059e+00
1.765450100494813990e+00
1.712274746120346913e+00
1.654998076013327823e+00
1.593479708230590708e+00
1.527705900853803200e+00
1.457805382170693109e+00
1.384057829674504525e+00
1.306893931146226873e+00
1.226886610168460123e+00
1.144733717298400233e+00
1.061233195894758730e+00
9.772523491157117936e-01
8.936932952568995558e-01
8.114569567575570241e-01
7.314079642717059571e-01
6.543426786017927377e-01
5.809621715862038904e-01
5.118515119521448442e-01
4.474661337324462029e-01
3.881254850588617411e-01
3.340136202233169871e-01
2.851859524525715561e-01
2.415810582633894643e-01
2.030362295928453964e-01
1.693054048942042311e-01
1.400781603023347754e-01
1.149985833231974147e-01
9.368305619613725987e-02
7.573621526473095500e-02
6.076459992893423756e-02
4.838773822664303031e-02
3.824661984796951658e-02
3.000967161263812244e-02
2.337647104218711774e-02
1.807951129640732180e-02
1.388436962044431108e-02
1.058863802629022785e-02
8.019956747652328896e-03
6.033455696775379649e-03
4.508863729375342348e-03
3.347495920752218638e-03
2.469279898395800466e-03
1.809936852095074458e-03
1.318393206869534475e-03
9.544661087178115061e-04
6.868400355952611986e-04
4.913326220012896985e-04
3.494344217849472758e-04
2.470988855136506987e-04
1.737542968987234378e-04
1.215078407036847421e-04
8.451250906416132847e-05
5.846947598641860682e-05
4.024130710880194746e-05
2.755448823256160558e-05
1.877293949246595619e-05
1.272722345741597931e-05
8.586928154952215127e-06
5.766145250906244972e-06
3.854048975496714690e-06
2.564322144964759963e-06
1.698599224392216562e-06
1.120239814777812665e-06
7.356497015077153341e-07
4.810705847119182286e-07
3.133007224622885116e-07
2.032195512875914836e-07
1.312977221666807973e-07
8.450299325293612163e-08
5.418077961856476170e-08
3.461076494371534810e-08
2.202946500089231373e-08
1.397194934534715592e-08
8.830866847239525784e-09
5.562569166986800622e-09
3.492249246155630520e-09
2.185366225445559502e-09
1.363211930923935727e-09
8.477214401185670854e-10
5.255615545116898405e-10
3.248659229028413723e-10
2.002275889014683785e-10
1.230584502532373473e-10
7.542144364416601900e-11
4.610008983686311134e-11
2.810343713855404380e-11
1.708813249987364537e-11
1.036414753486930778e-11
6.270501561294024468e-12
3.784653708742220013e-12
2.278926058875040518e-12
1.369112605739795058e-12
8.206862824144261305e-13
4.908717854902044855e-13
2.929781828683249885e-13
1.745025753604840495e-13
1.037266613276456826e-13
6.153514502840754280e-14
3.643528972122240279e-14
2.153321754558457247e-14
1.270294746926804902e-14
7.480485158116758158e-15
4.397493280205770218e-15
2.580779382986999545e-15
1.512121320830748793e-15
8.845693823484573622e-16
5.166611427481239599e-16
3.013194228515244449e-16
1.754746415798601879e-16
1.020435783807236460e-16
5.925962987876263539e-17
3.436779641519352608e-17
1.990587155538170154e-17
1.151501302251197998e-17
6.653008447355616752e-18
3.839357189963108557e-18
2.213104293414382179e-18
1.274277475281955306e-18
7.329265751151988772e-19
4.211206882150822647e-19
2.417226680663447515e-19
1.386141818571733531e-19
7.941306835124611571e-20
4.545530767807688815e-20
2.599558458844214234e-20
1.485425047358305377e-20
8.481089292342093950e-21
4.838554145154685107e-21
2.758390584101464058e-21
1.571393636119150833e-21
8.945733472407804880e-22
5.089335753373142795e-22
2.893561174727046472e-22
1.644154685463073541e-22
9.336904948349141029e-23
5.299380111784889325e-23
3.006218131133776981e-23
1.704513359494066130e-23
9.659971702846647078e-24
5.472145768235582723e-24
3.098535430246449847e-24
1.753810812418193793e-24
9.923086333129204804e-25
5.612529676015936039e-25
3.173425548842959037e-25
1.793764883798607159e-25
1.013630920084605448e-25
5.726387496173548589e-26
3.234278583992115335e-26
1.826329043282232525e-26
1.031085016375646481e-26
5.820128364783494048e-27
3.284747001949417333e-27
1.853578787625559247e-27
1.045847319977455814e-27
5.900405310030924842e-28
3.328586128030825061e-28
1.877630360259305667e-28
1.059108800346529674e-28
5.973913839363757259e-29
3.369557390651137284e-29
1.900596076566036878e-29
1.072055683832734127e-29
6.047318425351399205e-30
3.411408488558084471e-30
1.924586526970328164e-30
1.085879087632389514e-30
6.127359983519826862e-31
3.457967926811024928e-31
1.951785651723681424e-31
1.101831346997600381e-31
6.221263404357319502e-32
3.513432417318215402e-32
1.984649516451545434e-32
1.121361345919792123e-32
6.337646608257434502e-33
3.582970248758729710e-33
2.026302400878095371e-33
1.146371849690560223e-33
6.488175884340518132e-34
3.673775969729083126e-34
2.081202589488951417e-34
1.179636065595411592e-34
6.690150016057586889e-35
3.796660606027615132e-35
2.156113729532537125e-35
1.225387070822669378e-35
6.970057006639088398e-36
3.968188547735384290e-36
2.261385030851611829e-36
1.290083936222343374e-36
7.368162819923601153e-37
4.213434070593566140e-37
2.412615430224425384e-37
1.383423334124644949e-37
7.944712422266251836e-38
4.569818253093857937e-38
2.633050921050408632e-38
1.519851693268668014e-38
8.789551570253434620e-39
5.093277955983557620e-39
2.957564648842395798e-39
1.721145739278203760e-39
1.003891968761912272e-39
5.869222483235294208e-40
3.439818493060795542e-40
2.021099065300114405e-40
1.190614328476403555e-40
7.032646938365384245e-41
4.165449863837655686e-41
2.474172236690430443e-41
1.473841314460140977e-41
8.805427977908630532e-42
5.276593389419570852e-42
3.171633469616514722e-42
1.912316094531477297e-42
1.156653239858476094e-42
