# bin_4
0.000000000000000000e+00
1.081100421483847762e-79
4.364025303359387628e-75
6.818741570809698479e-71
5.794278940102051275e-67
2.994698498485449605e-63
9.949121724272675766e-60
2.200498265750862200e-56
3.326575050770130958e-53
3.513583805680930877e-50
2.643559764650509340e-47
1.441874244432680189e-44
5.793554082691500631e-42
1.740550770961205525e-39
3.964002302379938653e-37
6.932091217421354169e-35
9.421065112295624519e-33
1.006347295044402274e-30
8.539491990792260920e-29
5.814614884917872097e-27
3.207376985622510405e-25
1.446240325014208516e-23
5.376700741651543003e-22
1.661560882164899401e-20
4.301409759617293287e-19
9.397429197308150371e-18
1.744901944984820648e-16
2.772148346443453142e-15
3.792567508265002192e-14
4.495577532832503144e-13
4.644298031715394699e-12
4.205078498519141235e-11
3.354909538116495959e-10
2.370694539605863089e-09
1.491082312467505758e-08
8.387163519925633260e-08
4.238288138164331272e-07
1.932525230287905191e-06
7.984438821548934371e-06
3.001274345242376581e-05
1.030394259565204089e-04
3.243196101861849957e-04
9.392826233129263893e-04
2.511909506237992168e-03
6.224180546949014889e-03
1.433757996244283163e-02
3.080305711299944835e-02
6.191752825039581465e-02
1.168117450325247275e-01
2.074640260182962492e-01
3.479341613320868776e-01
5.526542317063375398e-01
8.338938872666603608e-01
1.198853998726494563e+00
1.647094812999274849e+00
2.169039730295481139e+00
2.746060683990028117e+00
3.352212529268486563e+00
3.957205944502478978e+00
4.529877995443491123e+00
5.041359212739030760e+00
5.467350288707909733e+00
5.789301673895848488e+00
5.994669750178112544e+00
6.076656991478041725e+00
6.033861842115483043e+00
5.870095401339733066e+00
5.594368076041689619e+00
5.220833692398882953e+00
4.768392726959901573e+00
4.259726328260270201e+00
3.719716955805923764e+00
3.173426373636825115e+00
2.643961529199716054e+00
2.150609243226275780e+00
1.707554678992373676e+00
1.323351003860993025e+00
1.001134564992347542e+00
7.394347621588936992e-01
5.333441962899984068e-01
3.758003314552817442e-01
2.587711687730089860e-01
1.742094510726621692e-01
1.147172909809830443e-01
7.392718445478985156e-02
4.664699169034685483e-02
2.883500274335685024e-02
1.747150379000828035e-02
1.038231158372473692e-02
6.054131072648092325e-03
3.466121447917676866e-03
1.949435208413046816e-03
1.077664620843765816e-03
5.858711612243720302e-04
3.133969830011105431e-04
1.650397006291127132e-04
8.560627136551131311e-05
4.375871073920087481e-05
2.205357107889299335e-05
1.096371646969303905e-05
5.379047151232271810e-06
2.605679364384604620e-06
1.246806881158325434e-06
5.895622599087959778e-07
2.756114574573740305e-07
1.274330319749665341e-07
5.829874788936212859e-08
2.639973273171894930e-08
1.183774414422850794e-08
5.258101711956590518e-09
2.314390771409163204e-09
1.009821872389202622e-09
4.369197546907252560e-10
1.875217696698605754e-10
7.986105038123003911e-11
3.375886933078293673e-11
1.416911338190631100e-11
5.906469222774029033e-12
2.446068391262569729e-12
1.006667228766671533e-12
4.118108259882692010e-13
1.675014179485249481e-13
6.775778650412447794e-14
2.726639982953312363e-14
1.091764559752164854e-14
4.350753530295512916e-15
1.725969005077181857e-15
6.817582020415465694e-16
2.681943742258754372e-16
1.050947911858141825e-16
4.103105018052057545e-17
1.596353591173254215e-17
6.190321176734220770e-18
2.393013123652642756e-18
9.223645654013597901e-19
3.545367863190396926e-19
1.359234741814413167e-19
5.198442466047207194e-20
1.983657424053099485e-20
7.553387389880773872e-21
2.870539461681645151e-21
1.088917690037788792e-21
4.123799827930700243e-22
1.559302931119961810e-22
5.887778314713904645e-23
2.220324051420074996e-23
8.363335018339324109e-24
3.146976360714970684e-24
1.183067132512002834e-24
4.444027706470305171e-25
1.668182806462083009e-25
6.258303909815940489e-26
2.346718480010619171e-26
8.796309913038608514e-27
3.296231923382164239e-27
1.234963013013924489e-27
4.626462880751516658e-28
1.733173070644508974e-28
6.493369248339880880e-29
2.433156456955956007e-29
9.119627046531024396e-30
3.419207686247384416e-30
1.282473642450695629e-30
4.812582188714815452e-31
1.806948608491470826e-31
6.788621464382007632e-32
2.552200659337191392e-32
9.602268375397708414e-33
3.615648008357110395e-33
1.362631260474752783e-33
5.140155186820144936e-34
1.940907142530778884e-34
7.336486150472774632e-35
2.776193060710663176e-35
1.051748976400602307e-35
3.989305793350996940e-36
1.515048618761895438e-36
5.761298172099770563e-37
2.193807586766338239e-37
8.365276921631426814e-38
3.194363183304125055e-38
1.221598248894744638e-38
4.678751852931727879e-39
1.794758017370090049e-39
6.895603536629626163e-40
2.653657195285627259e-40
1.022912851225585522e-40
3.949738441506409410e-41
1.527734987539433893e-41
5.919585609837861599e-42
2.297795148000299029e-42
8.935537751632922903e-43
3.481221627237957863e-43
1.358801487045405136e-43
5.313798179610773062e-44
2.082043134536423406e-44
8.173734602478946738e-45
3.215197145254324569e-45
1.267245297637427172e-45
5.004827820275658066e-46
1.980623691288393863e-46
7.854306127040097535e-47
3.121152667870891168e-47
1.242886603327149895e-47
4.959809048685749319e-48
1.983456561032451622e-48
7.948986197661762297e-49
3.192558254133443125e-49
1.285021493081031593e-49
5.183613099974680153e-50
2.095613892995582028e-50
8.490867661450723056e-51
3.447945061736636345e-51
1.403269742923658275e-51
5.723996947543460000e-52
2.340128172360829751e-52
9.588844888941461435e-53
3.938070529853595180e-53
1.621045352990623316e-53
6.688135094193076940e-54
2.765773507524634783e-54
1.146392134709447766e-54
4.762751274072223968e-55
1.983323884317472272e-55
8.278337893761522026e-56
3.463450399635376977e-56
1.452424233332844555e-56
6.105185908634848862e-57
2.572333233752813436e-57
1.086376511612034208e-57
4.598964163844865671e-58
1.951496457777512677e-58
8.300514411760575365e-59
3.538938520773686513e-59
1.512421797103418342e-59
6.478966448744916348e-60
2.782097131973038170e-60
1.197493963032228710e-60
5.166655088181058305e-61
2.234504256351212657e-61
9.686989917441131990e-62
4.209521253088542445e-62
1.833635054951246755e-62
8.006255940800163822e-63
3.504147123268774856e-63
1.537344913475527603e-63
6.760769732672930371e-64
2.980275743031430732e-64
1.316896856896663940e-64
5.832859666950699775e-65
2.589674045045615795e-65
1.152502192232146199e-65
5.141273210483260283e-66
2.298957695482511233e-66
1.030437553443805023e-66
4.629581458939715805e-67
2.084922974735875615e-67
9.411640721400311940e-68
4.258596014231342455e-68
1.931487916097126770e-68
8.780931764769060002e-69
4.001389302073946583e-69
1.827683916345243875e-69
8.367772701570595512e-70
3.840038030775073034e-70
1.766348329096380868e-70
8.143865811574022202e-71
3.763539691256294543e-71
1.743300196863709714e-71
8.093861134756455103e-72
3.766563267405234784e-72
1.756866426036684030e-72
8.213611293406222544e-73
3.848835936086382173e-73
1.807683460581991329e-73
8.509635262005460725e-74
4.015067837656398305e-74
1.898742083995427085e-74
8.999698153023458525e-75
4.275397371091609069e-75
2.035678857546652993e-75
9.714577449802090049e-76
4.646415381046804204e-76
2.227353699185533213e-76
1.070126013944803662e-76
5.152912254342568425e-77
2.486795946047031999e-77
1.202803249010016304e-77
5.830603492155662584e-78
2.832659088798037873e-78
1.379222670464583962e-78
6.730248597677943176e-79
3.291408707607420874e-79
1.613183739377410570e-79
7.923817765035910871e-80
3.900596543183986000e-80
1.924291069093704753e-80
9.513732383306210436e-81
4.713774131702074622e-81
2.340569279300618579e-81
1.164679237940381575e-81
5.807917810473153191e-82
2.902425398647410768e-82
1.453534396365885137e-82
7.294749123363472093e-83
3.668709734134821816e-83
1.848976630496338311e-83
9.338168253954073399e-84
4.726082348307883868e-84
2.396885551404947681e-84
1.218138952007561057e-84
6.203645519806986052e-85
3.165882627583344396e-85
1.618964827081626553e-85
8.296059438066609155e-86
4.259858737367610965e-86
2.191818053600627281e-86
1.130047803138201694e-86
5.838068594058571886e-87
3.022168532809449368e-87
1.567625484246736581e-87
8.147739574072200276e-88
4.243265321660327425e-88
2.214259391698103318e-88
1.157761472516183782e-88
6.065533587584034705e-89
3.184016289847729330e-89
1.674691935105533615e-89
8.825615113004474129e-90
4.660177665467197526e-90
2.465496715758908335e-90
1.306916605275275085e-90
6.941124718953649840e-91
3.693578868139586946e-91
1.969234782529522257e-91
1.051906770614521746e-91
5.629679581286124655e-92
3.018657412797033539e-92
1.621678500686649288e-92
8.728377853835944283e-93
4.706707910165967357e-93
2.542804578785484982e-93
1.376315094358129951e-93
7.463268493297167669e-94
4.054560246840550603e-94
2.206780803394857155e-94
1.203296631163512989e-94
6.573273062561603849e-95
3.597357797841744249e-95
1.972314867213690372e-95
1.083321483945865175e-95
5.961081039828588287e-96
3.286076001339395174e-96
1.814737329017221883e-96
1.003997488666496005e-96
5.564597409795573399e-97
3.089707075559834312e-97
1.718636974307390362e-97
9.577141931325795170e-98
5.346569086148287292e-98
2.990236408275841415e-98
1.675450938787758182e-98
9.405022097485886155e-99
5.289289522404309741e-99
2.980254363428359875e-99
1.682435927263037528e-99
9.516241653411127251e-100
5.393224590021523913e-100
3.062696733166651721e-100
1.742810803708183026e-100
9.938196206225360246e-101
5.679345273047259138e-101
3.252719533100676176e-101
1.867147976196463084e-101
1.074292500987799390e-101
6.195945508831997407e-102
3.582324429535857814e-102
2.076475754529679767e-102
1.206776622998274088e-102
7.032331351447229291e-103
4.109407200245838802e-103
2.408251709322137972e-103
1.415477781743616596e-103
8.344845833705333616e-104
4.934952866350871334e-104
2.927736696870139588e-104
1.742607441025054061e-104
1.040684379340774854e-104
6.236239847829355262e-105
3.750093677544403256e-105
2.263116511732496531e-105
1.370710629552931660e-105
8.332701749385081835e-106
5.084551780701396465e-106
3.114370706973784756e-106
1.914966306688443662e-106
1.182077492532015743e-106
7.325611623918081438e-107
4.557980831209274604e-107
2.847394820280304364e-107
1.786009797141680234e-107
