# bin_7
0.000000000000000000e+00
9.625708943513941894e-254
1.316318572982112352e-243
4.593446674343707788e-234
5.844668145426306683e-225
3.081468804722789535e-216
7.223813217504976890e-208
7.912404137564727270e-200
4.215156170054974724e-192
1.131173642295979498e-184
1.578724636570300829e-177
1.180176128333046093e-170
4.857120302302689039e-164
1.129193241898303142e-157
1.519158439248950837e-151
1.209939832612198983e-145
5.828847783750520602e-140
1.733381132441304335e-134
3.243964251968880228e-129
3.891229658991765077e-124
3.044355870662855640e-119
1.579458852727531345e-114
5.520692098287830351e-110
1.319780098108143961e-105
2.189196045430974574e-101
2.554547555124259647e-97
2.124690823162996685e-93
1.275515149435446765e-89
5.593741922658277429e-86
1.812761125440635869e-82
4.389164013674095005e-79
8.024279446945216923e-76
1.118926605594027354e-72
1.201640982012409605e-69
1.003133167887377289e-66
6.567826179607455287e-64
3.401540400642265065e-61
1.405021522348704654e-58
4.665131368740794901e-56
1.254593239695526883e-53
2.752678374967067849e-51
4.961961536826187120e-49
7.397941561532493083e-47
9.181840490502169355e-45
9.545623960903934726e-43
8.362313036047230356e-41
6.208544142960911195e-39
3.928206946033086147e-37
2.129366893898946737e-35
9.939916421148738439e-34
4.015443590276927482e-32
1.410479530421352602e-30
4.327839936172583724e-29
1.165100488168928261e-27
2.763700767313891966e-26
5.800102080953273749e-25
1.081223389784849864e-23
1.797164704574022324e-22
2.673328046458181828e-21
3.571511232305673598e-20
4.300085897812297283e-19
4.681297270162932753e-18
4.622838268304317660e-17
4.153811333882661062e-16
3.406256366556116605e-15
2.556547456767993881e-14
1.761116733742866703e-13
1.116482729204437140e-12
6.530988896362296747e-12
3.533992975438464926e-11
1.773265270206597292e-10
8.270480446847671866e-10
3.593619828526317470e-09
1.457948739654266222e-08
5.534722225289421043e-08
1.970149656284468305e-07
6.589184797308170243e-07
2.074658670090929850e-06
6.161307613744764065e-06
1.729082534064338561e-05
4.593653260557049547e-05
1.157343616575203242e-04
2.769938335722913880e-04
6.308191228428558072e-04
1.369217057736773525e-03
2.837016207912870444e-03
5.620146185610816990e-03
1.066080496980601963e-02
1.939262804651151542e-02
3.387848773966536942e-02
5.692178541725241570e-02
9.211240562487323091e-02
1.437652013448264821e-01
2.167159522251534687e-01
3.159591073760945612e-01
4.461416947970816005e-01
6.109629418568883752e-01
8.125607408543735755e-01
1.050984717201709495e+00
1.323854198464274434e+00
1.626275606644662197e+00
1.951051538219083392e+00
2.289162199426732602e+00
2.630450882581142125e+00
2.964410187364754368e+00
3.280952398929227076e+00
3.571057935423087137e+00
3.827226403609151895e+00
4.043697504065085546e+00
4.216453745212445092e+00
4.343054145844073233e+00
4.422370941507788089e+00
4.454306676222927308e+00
4.439557856835292249e+00
4.379467786082402725e+00
4.275981557049735038e+00
4.131687349116679009e+00
3.949906113511985950e+00
3.734780479434613998e+00
3.491314621568694765e+00
3.225328599756005499e+00
2.943309844225468819e+00
2.652166328399939044e+00
2.358905765808543720e+00
2.070279052867370240e+00
1.792431980453419893e+00
1.530606696850886239e+00
1.288924975463345168e+00
1.070271626602447901e+00
8.762814242649993313e-01
7.074194607074375529e-01
5.631348866655537799e-01
4.420625241220344503e-01
3.422458435894016882e-01
2.613575036113205963e-01
1.968988377878259088e-01
1.463660124692778008e-01
1.073768876000390921e-01
7.775803181246894458e-02
5.559538275959773068e-02
3.925456294324325413e-02
2.737798248819730759e-02
1.886586801317754677e-02
1.284760066269176673e-02
8.648566000925646605e-03
5.756395566397965943e-03
3.789217133272076640e-03
2.467450867877121236e-03
1.589846404216110898e-03
1.013856155781522926e-03
6.400562197654553580e-04
4.001157313660310918e-04
2.477324281347263670e-04
1.519541569044198113e-04
9.235836407208989816e-05
5.563829393146722406e-05
3.322797082359991522e-05
1.967719790234775663e-05
1.155706331378427042e-05
6.733646428625949368e-06
3.892815602455958551e-06
2.233461839497332897e-06
1.271988627691683497e-06
7.192254461525434470e-07
4.038401095060395255e-07
2.252165239015089327e-07
1.247727052699152711e-07
6.868279728641901475e-08
3.757199655016805524e-08
2.042893603116899260e-08
1.104251667058919774e-08
5.934789348971793546e-09
3.171976925989859631e-09
1.686215978961235143e-09
8.917114588412627590e-10
4.691713371161608538e-10
2.456411519778319574e-10
1.279965970453741823e-10
6.638761584145754570e-11
3.427909854599867695e-11
1.762326395622301387e-11
9.022306159964858999e-12
4.600249154918318812e-12
2.336333110589242856e-12
1.182043793354726866e-12
5.958436403029080620e-13
2.992845683626548815e-13
1.498103325939747857e-13
7.474043702127535994e-14
3.716856347451840200e-14
1.842684337675158799e-14
9.108121058391074782e-15
4.489065242045475564e-15
2.206367550426886600e-15
1.081531453794071469e-15
5.287901095202105965e-16
2.579009364138091254e-16
1.254843409605197029e-16
6.091634334033007798e-17
2.950703250916937611e-17
1.426275779171181955e-17
6.880273621707952734e-18
3.312601961001890572e-18
1.591953626877660741e-18
7.637032444559308949e-19
3.657518840906198313e-19
1.748840029277407464e-19
8.349265495461588578e-20
3.980278625353378995e-20
1.894860770582483334e-20
9.008876917863531388e-21
4.277831849794616972e-21
2.028924910928759165e-21
9.612276989252059212e-22
4.549176522660952825e-22
2.150864440087130132e-22
1.016000514131261940e-22
4.795144935044015156e-23
2.261320680787621263e-23
1.065614866376717659e-23
5.018114953889723233e-24
2.361604218874288036e-24
1.110767608665484403e-24
5.221697932765207643e-25
2.453550893604109388e-25
1.152378135366707742e-25
5.410443698122367533e-26
2.539390651077112610e-26
1.191530760169496960e-26
5.589590375690523505e-27
2.621640281289771499e-27
1.229429349315131901e-27
5.764875440027745555e-28
2.703026130172827769e-28
1.267366402940340705e-28
5.942415548532909469e-29
2.786439236727507062e-29
1.306707301880013037e-29
6.128656868369538850e-30
2.874923083253210223e-30
1.348889591984230593e-30
6.330394592777534081e-31
2.971693150763496808e-31
1.395436891829028817e-31
6.554859781399525706e-32
3.080187543173345726e-32
1.447987186624621492e-32
6.809873102289508498e-33
3.204148883328735392e-33
1.508335824750466581e-33
7.104068139546226435e-34
3.347739345930520180e-34
1.578494408111560821e-34
7.447191463655395815e-35
3.515693016706348664e-35
1.660767950762892843e-35
7.850492657772344830e-36
3.713512797637857856e-36
1.757854210010475662e-36
8.327225214591386795e-37
3.947722978286833316e-37
1.872971066912706957e-37
8.893289213950274045e-38
4.226193668184523910e-38
2.010020415422118956e-38
9.568059860910617443e-39
4.558560016837390386e-39
2.173800467840242716e-39
1.037546366705176617e-39
4.956768254265504809e-40
2.370283077385545469e-40
1.134538828724659270e-40
5.435793114629692164e-41
2.606979167909341540e-41
1.251554568011690052e-41
6.014588683888273838e-42
2.893424448902938869e-42
1.393395556964345543e-42
6.717359366583341882e-43
3.241830455158060940e-43
1.566228334383876030e-43
7.575272768675603039e-44
3.667964313898500067e-44
1.778036267982088734e-44
8.628786684106699859e-45
4.192347072775124911e-45
2.039237193234934948e-45
9.930835269046682821e-46
4.841898752389757852e-46
2.363533503589055644e-46
1.155122572582246899e-46
5.652214285964964739e-47
2.769091308604436481e-47
1.358275278874202822e-47
6.670736923523002431e-48
3.280188860316999729e-48
1.614976897912925478e-48
7.961217868003111047e-49
3.929539226692660115e-49
1.942029230420471635e-49
9.610033430422966353e-50
4.761589196392225696e-50
2.362324907324243909e-50
1.173520569857329514e-50
5.837242772595666387e-51
2.907323010154455713e-51
1.449938935801009665e-51
7.240680190303651888e-52
3.620632864003451206e-52
1.812872416220973056e-52
9.089284501954472729e-53
4.563245701602029753e-53
2.294043373101693005e-53
1.154821470935221293e-53
5.821237133642994756e-54
2.938357517318310462e-54
1.485198497429952325e-54
7.517205617677700069e-55
3.809972984493251518e-55
1.933669767552319896e-55
9.827408345262091198e-56
5.001419178183239569e-56
2.548861729162689981e-56
1.300766111640201838e-56
6.647420526411053328e-57
3.401802709629950789e-57
1.743283776849531118e-57
8.946042600565883289e-58
4.597255035905831220e-58
2.365766044129426506e-58
1.219133593696636342e-58
6.291262474552103057e-59
3.251112177084508867e-59
1.682419689978155659e-59
8.718575096687864130e-60
4.524451781037034792e-60
2.351235611156528649e-60
1.223591592923579109e-60
6.376573009252946405e-61
3.327737360630298934e-61
1.739089388170808136e-61
9.101358031010007418e-62
4.769822068167934805e-62
2.503283775377834909e-62
1.315619056202827604e-62
6.924088975787378035e-63
3.649285268477102128e-63
1.926043095342605285e-63
1.017976129837250904e-63
5.387944278849184540e-64
2.855769452187891797e-64
1.515788347407538949e-64
8.056945412718080184e-65
4.288644820460805336e-65
2.286068702954287556e-65
1.220338201639057642e-65
6.523724367517314134e-66
3.492519613005018389e-66
1.872466694397913483e-66
1.005371038165383643e-66
5.406070281222559988e-67
2.911301715891702089e-67
1.570187041627533642e-67
8.481722062188880286e-68
4.588772418514303499e-68
2.486576586635521509e-68
1.349630097622431508e-68
7.337563273751485315e-69
3.996056861279532857e-69
2.180090964788253835e-69
1.191525002002509632e-69
6.524416674176478493e-70
3.579451810915024251e-70
1.967686108276549936e-70
1.083900712316773968e-70
5.983414604055305031e-71
3.310301840552928688e-71
1.835605139488919302e-71
1.020280184710470293e-71
5.684920118931054075e-72
3.175637019173527253e-72
1.778591342855467648e-72
9.988441927744933824e-73
5.625135053382060068e-73
3.177012220657252062e-73
1.799666999893124847e-73
1.022559723522951467e-73
5.828321970347508578e-74
3.332657968799302678e-74
1.911891193805429285e-74
1.100505936029320513e-74
6.356361139112937120e-75
3.684176114823039016e-75
2.142964532272402380e-75
1.251001716669019611e-75
7.329815802311168214e-76
4.310649527608864729e-76
2.544646637612294178e-76
1.507878475679673026e-76
8.969673792232029739e-77
5.356414398763597014e-77
