# bin_10
0.000000000000000000e+00
0.000000000000000000e+00
0.000000000000000000e+00
0.000000000000000000e+00
0.000000000000000000e+00
0.000000000000000000e+00
0.000000000000000000e+00
0.000000000000000000e+00
0.000000000000000000e+00
0.000000000000000000e+00
0.000000000000000000e+00
0.000000000000000000e+00
0.000000000000000000e+00
0.000000000000000000e+00
0.000000000000000000e+00
0.000000000000000000e+00
0.000000000000000000e+00
0.000000000000000000e+00
0.000000000000000000e+00
0.000000000000000000e+00
0.000000000000000000e+00
0.000000000000000000e+00
0.000000000000000000e+00
0.000000000000000000e+00
0.000000000000000000e+00
0.000000000000000000e+00
0.000000000000000000e+00
0.000000000000000000e+00
0.000000000000000000e+00
0.000000000000000000e+00
0.000000000000000000e+00
0.000000000000000000e+00
0.000000000000000000e+00
0.000000000000000000e+00
0.000000000000000000e+00
0.000000000000000000e+00
0.000000000000000000e+00
0.000000000000000000e+00
0.000000000000000000e+00
1.334584302230410809e-316
3.330892259263990209e-308
4.892613561408264245e-300
4.300195851871637571e-292
2.297930335126855656e-284
7.581685158816658983e-277
1.567507132352576882e-269
2.060008207138554273e-262
1.744700328883804355e-255
9.650005283276254390e-249
3.530579106117761912e-242
8.650395946255780777e-236
1.436378392801281940e-229
1.635064053574140768e-223
1.290179976494502650e-217
7.132889185737139269e-212
2.791711323996678881e-206
7.812718252382953383e-201
1.578519311609191983e-195
2.324136855047667754e-190
2.516225887224209622e-185
2.020668915309336475e-180
1.213819924165365251e-175
5.498727883552424342e-171
1.893382383271165366e-166
4.993329813697175672e-162
1.016057567128953137e-157
1.606643577481497432e-153
1.987886284762797909e-149
1.937475373166175761e-145
1.497142836279507268e-141
9.229828923780752500e-138
4.567335499442784900e-134
1.824837207378637405e-130
5.920399386122832458e-127
1.568341884350058821e-123
3.410489808278134906e-120
6.119716904093542813e-117
9.106849095084475398e-114
1.129391884584032131e-110
1.172774520334785297e-107
1.024400333729985992e-104
7.560364587464606413e-102
4.734876843612412022e-99
2.526894946254056536e-96
1.153836619208754625e-93
4.525790373592487490e-91
1.530741711066191300e-88
4.481081651820550189e-86
1.139479940428162281e-83
2.525792768373403059e-81
4.897073941513981836e-79
8.332245670984906616e-77
1.248164124740415712e-74
1.651291985807854656e-72
1.935257528977568938e-70
2.015114010682742629e-68
1.869622678226610669e-66
1.549939501159744369e-64
1.151228246879682492e-62
7.681412910254562146e-61
4.616038952735532358e-59
2.504562131990652352e-57
1.229940285222558185e-55
5.479658409821511643e-54
2.219933372861463075e-52
8.196272236234962995e-51
2.763947827093263943e-49
8.531045329779872918e-48
2.415077898951882870e-46
6.283338263328344283e-45
1.505328038582241467e-43
3.327224239741550467e-42
6.797519371266611663e-41
1.285945768198613737e-39
2.256652840222912393e-38
3.679791116430783395e-37
5.585026321095327815e-36
7.902777154686831042e-35
1.044185208424272752e-33
1.290303920164810508e-32
1.493411971928572708e-31
1.621363467134451278e-30
1.653553791238271599e-29
1.586360932431221493e-28
1.433589823004223362e-27
1.221985091116740539e-26
9.837611517687585234e-26
7.489400694898414400e-25
5.398530690213235120e-24
3.688923472936868215e-23
2.392385072442189165e-22
1.474244109808148562e-21
8.641759317221124238e-21
4.823978257487066314e-20
2.567104860105770920e-19
1.303679054508456308e-18
6.324550202458243156e-18
2.933953235867111654e-17
1.302758639981346191e-16
5.542106028963022980e-16
2.260940559184260939e-15
8.853215110096624428e-15
3.330393680474938949e-14
1.204617627664811329e-13
4.193048157999617693e-13
1.405714582722643714e-12
4.542581927308695539e-12
1.416089089054303628e-11
4.261837450590829187e-11
1.239226365732462911e-10
3.483964285526719759e-10
9.477219297702456485e-10
2.496206604599661209e-09
6.370509067420267636e-09
1.576366077103836111e-08
3.784587362489078408e-08
8.821485622059131465e-08
1.997579769738305767e-07
4.397214147288750442e-07
9.415180809506797629e-07
1.962088212732880687e-06
3.982019798680952848e-06
7.874711608464534824e-06
1.518304553244185954e-05
2.855737202704642484e-05
5.242645082883053462e-05
9.399162123933086743e-05
1.646508128035553545e-04
2.819683998244410330e-04
4.723032606509863980e-04
7.741837398425178811e-04
1.242467720744181488e-03
1.953243648533539711e-03
3.009312733585352718e-03
4.545947967376191140e-03
6.736463351536880161e-03
9.796965807593286876e-03
1.398952812745882235e-02
1.962294345922523456e-02
2.705022917151695197e-02
3.666216358033193290e-02
4.887637447445814659e-02
6.412184888326066812e-02
8.281917547248822398e-02
1.053573223036430861e-01
1.320682369361424469e-01
1.632009690804173963e-01
1.988972962117480370e-01
2.391709295646306244e-01
2.838922622452370037e-01
3.327802899760030075e-01
3.854028139611986314e-01
4.411853762638903720e-01
4.994286518553478493e-01
5.593333084786671350e-01
6.200307242190079560e-01
6.806174893003843485e-01
7.401913583343610048e-01
7.978862813190091829e-01
8.529043185136818694e-01
9.045426042460226190e-01
9.522140180026934519e-01
9.954607878227625939e-01
1.033960829171097551e+00
1.067527155964190122e+00
1.096101144713514497e+00
1.119740758495200383e+00
1.138605031625971709e+00
1.152936180746719108e+00
1.163040658196443200e+00
1.169270322522418804e+00
1.172004696743453867e+00
1.171635046343835640e+00
1.168550762306973967e+00
1.163128301560022893e+00
1.155722733915399481e+00
1.146661780746756509e+00
1.136242110314073850e+00
1.124727577193808337e+00
1.112349054482831390e+00
1.099305500882602704e+00
1.085765922912659498e+00
1.071871927731290919e+00
1.057740607358607088e+00
1.043467544585666706e+00
1.029129779897430375e+00
1.014788624056579325e+00
1.000492240539353928e+00
9.862779547739022323e-01
9.721742729095315116e-01
9.582026120248178236e-01
9.443787570153705513e-01
9.307140678307812554e-01
9.172164652516385797e-01
9.038912249658935805e-01
8.907416091705553374e-01
8.777693630063375663e-01
8.649751004017681710e-01
8.523586007941204024e-01
8.399190350184569942e-01
8.276551356216569344e-01
8.155653240920165414e-01
8.036478050613463653e-01
7.919006354559877670e-01
7.803217748363695527e-01
7.689091217444191662e-01
7.576605397373462614e-01
7.465738758846136580e-01
7.356469738025522842e-01
7.248776827611965734e-01
7.142638639880173335e-01
7.038033949855666549e-01
6.934941724515504280e-01
6.833341142218449793e-01
6.733211605347049211e-01
6.634532748260175694e-01
6.537284442023827413e-01
6.441446796938625763e-01
6.347000163567231290e-01
6.253925132743707316e-01
6.162202534893632677e-01
6.071813438888378212e-01
5.982739150584026611e-01
5.894961211146588775e-01
5.808461395231592217e-01
5.723221709063849305e-01
5.639224388447786618e-01
5.556451896729251994e-01
5.474886922722557170e-01
5.394512378612510428e-01
5.315311397838095031e-01
5.237267332962394217e-01
5.160363753532607456e-01
5.084584443932552711e-01
5.009913401229956209e-01
4.936334833020236124e-01
4.863833155268257324e-01
4.792392990149459409e-01
4.721999163891453244e-01
4.652636704617204577e-01
4.584290840190918814e-01
4.516946996067325304e-01
4.450590793145557944e-01
4.385208045628204432e-01
4.320784758886510035e-01
4.257307127332282115e-01
4.194761532297490159e-01
4.133134539921911599e-01
4.072412899049707158e-01
4.012583539135416988e-01
3.953633568159978795e-01
3.895550270557232020e-01
3.838321105151636381e-01
3.781933703107306366e-01
3.726375865889290928e-01
3.671635563237051758e-01
3.617700931150897303e-01
3.564560269891551281e-01
3.512202041993275348e-01
3.460614870290886214e-01
3.409787535960926985e-01
3.359708976577308603e-01
3.310368284181721132e-01
3.261754703368928698e-01
3.213857629387417147e-01
3.166666606255305605e-01
3.120171324891993780e-01
3.074361621265487843e-01
3.029227474555749033e-01
2.984759005334129411e-01
2.940946473758942470e-01
2.897780277787506686e-01
2.855250951404492699e-01
2.813349162866868314e-01
2.772065712965405826e-01
2.731391533302787167e-01
2.691317684588383496e-01
2.651835354949606538e-01
2.612935858259809452e-01
2.574610632482548511e-01
2.536851238031865852e-01
2.499649356148219426e-01
2.462996787289218059e-01
2.426885449534063599e-01
2.391307376999953771e-01
2.356254718267908332e-01
2.321719734814269298e-01
2.287694799442517857e-01
2.254172394707923965e-01
2.221145111324334676e-01
2.188605646538708815e-01
2.156546802453789546e-01
2.124961484272723244e-01
2.093842698431526428e-01
2.063183550575075909e-01
2.032977243320874816e-01
2.003217073740793663e-01
1.973896430475732544e-01
1.945008790381219377e-01
1.916547714584528050e-01
1.888506843816690206e-01
1.860879892867226271e-01
1.833660643997575834e-01
1.806842939142887794e-01
1.780420670734058075e-01
1.754387770985074146e-01
1.728738199518260743e-01
1.703465929244235011e-01
1.678564930477187411e-01
1.654029153350536074e-01
1.629852508704040248e-01
1.606028847739559284e-01
1.582551940885925656e-01
1.559415456468495054e-01
1.536612939938135358e-01
1.514137794567655959e-01
1.491983264659001163e-01
1.470142422408018956e-01
1.448608159631418757e-01
1.427373185558856727e-01
1.406430031820080362e-01
1.385771065604664565e-01
1.365388511736695121e-01
1.345274484091490974e-01
1.325421026396325086e-01
1.305820162018785369e-01
1.286463951879465994e-01
1.267344559158747885e-01
1.248454319033586446e-01
1.229785811312279487e-01
1.211331933563394858e-01
1.193085972184281252e-01
1.175041668840343112e-01
1.157193279834544536e-01
1.139535626231019394e-01
1.122064132940956138e-01
1.104774855456154697e-01
1.087664493453390502e-01
1.070730391053868052e-01
1.053970524070156067e-01
1.037383475074447892e-01
1.020968397549425477e-01
1.004724970716479732e-01
9.886533468648847633e-02
9.727540931270078906e-02
9.570281296643484703e-02
9.414766661587166408e-02
9.261011383577208433e-02
9.109031462228628362e-02
8.958843949900935355e-02
8.810466401954321347e-02
8.663916374575150736e-02
8.519210975582969247e-02
8.376366471324581120e-02
8.235397950723694072e-02
8.096319045827736482e-02
7.959141706791370008e-02
7.823876028154533313e-02
7.690530122492078569e-02
7.559110036999541760e-02
7.429619708302546977e-02
