# bin_6
0.000000000000000000e+00
9.151960269163818703e-178
6.701884204173686895e-170
1.483137317947056082e-162
1.407683496230284245e-155
6.469771639771277404e-149
1.535646245450180127e-142
1.966466030340154103e-136
1.406300984388953008e-130
5.786310388600699425e-125
1.407031690049677564e-119
2.072453165496248203e-114
1.891765529299553721e-109
1.093210028809334717e-104
4.079945655661770057e-100
1.001970271389164010e-95
1.648047303251878273e-91
1.846031211264355265e-87
1.430595836404845923e-83
7.785806631913071782e-80
3.018372541903041913e-76
8.448815355605126150e-73
1.729664229237108976e-69
2.621781541569165606e-66
2.976997776355400142e-63
2.560673361966622815e-60
1.686363366696659480e-57
8.589952303518320981e-55
3.417427941198251012e-52
1.071813054870401019e-49
2.673728190787800504e-47
5.350520357078417180e-45
8.659651313170758959e-43
1.142421787796481745e-40
1.237738107475438632e-38
1.109244385387224906e-36
8.279686974777401014e-35
5.181542106430692008e-33
2.736004909537501059e-31
1.226397617452188169e-29
4.693976758290451246e-28
1.542709288982684961e-26
4.377270942453463447e-25
1.077830181397557283e-23
2.314670405223699760e-22
4.356132783739909295e-21
7.217521365562075238e-20
1.057489809941923631e-18
1.376002489688191062e-17
1.596620943883661955e-16
1.658603708942962768e-15
1.548450079066189820e-14
1.303949723713920299e-13
9.939654086067088815e-13
6.881945177172471755e-12
4.342210389540938667e-11
2.504668628879215448e-10
1.324834471600228378e-09
6.445125558149328265e-09
2.892028022186414404e-08
1.200262931613877249e-07
4.619713019989064920e-07
1.653265757018262978e-06
5.515032971778860337e-06
1.719040987426024051e-05
5.018569915846328992e-05
1.375378333826462259e-04
3.546315301877507988e-04
8.621513447640044743e-04
1.980405179354347966e-03
4.307046693795871586e-03
8.886481065607932175e-03
1.742832244675208975e-02
3.255298325424858114e-02
5.801690413024376825e-02
9.884468254602107873e-02
1.612809670889663316e-01
2.524828537429272823e-01
3.799108722460206033e-01
5.504414877059122801e-01
7.693028044659413478e-01
1.039005113889939658e+00
1.358474310805534158e+00
1.722581649469263620e+00
2.122195589535486704e+00
2.544775921938266627e+00
2.975415537893805862e+00
3.398143445645519733e+00
3.797259146069786873e+00
4.158483216749831790e+00
4.469774195881925039e+00
4.721755760693119086e+00
4.907792609005796614e+00
5.023822895460108739e+00
5.068083903373833188e+00
5.040853463129358225e+00
4.944282485647753411e+00
4.782332008160696368e+00
4.560771514292465412e+00
4.287160223875964071e+00
3.970727699669729382e+00
3.622093187024684191e+00
3.252805330536270745e+00
2.874731675899882877e+00
2.499367061020808300e+00
2.137151823653309357e+00
1.796890851232933795e+00
1.485345111870863821e+00
1.207035188414204097e+00
9.642602319628909013e-01
7.573038147044697244e-01
5.847760836526890715e-01
4.440317883918235564e-01
3.316054688156032659e-01
2.436154473192873038e-01
1.761033897235365631e-01
1.252923071000248967e-01
8.776005940941357386e-02
6.053598274944975433e-02
4.113465051700965214e-02
2.754334311781637609e-02
1.817941671678052415e-02
1.183148777771730713e-02
7.595172791276402768e-03
4.810808401776984697e-03
3.007625114262294386e-03
1.856509544257787386e-03
1.131827391084173689e-03
6.817312489682166845e-04
4.058215965256628532e-04
2.388269402035177766e-04
1.389930375151660384e-04
8.001984083843653717e-05
4.558567743892273920e-05
2.570479736882754412e-05
1.435098264012410222e-05
7.935148490799982790e-06
4.346666573462779846e-06
2.359418131026324550e-06
1.269456567030288390e-06
6.771887385459300646e-07
3.582553801192689652e-07
1.880081063922127688e-07
9.789683118697241376e-08
5.059106979681452607e-08
2.595343652446210575e-08
1.322001489482072444e-08
6.687796877255546417e-09
3.360810255368006965e-09
1.678062814917049833e-09
8.326587677707426635e-10
4.106858217359004989e-10
2.013831995440540066e-10
9.819573941752269384e-11
4.762126336303858960e-11
2.297359885627762949e-11
1.102696649307893601e-11
5.266949090922198228e-12
2.503879996774121253e-12
1.184929963788914062e-12
5.583008734738262781e-13
2.619451227677110186e-13
1.224015547260046439e-13
5.697242669160194233e-14
2.641852695829338100e-14
1.220624025852005047e-14
5.620131134182174359e-15
2.579066082199881648e-15
1.179746670878358653e-15
5.380004713085659995e-16
2.446245719264891330e-16
1.109163499836676479e-16
5.015593396927171239e-17
2.262206333809792651e-17
1.017831386751920349e-17
4.568804098578344678e-18
2.046258154618176225e-18
9.145267639373747878e-19
4.079024204934284337e-19
1.815869479074359115e-19
8.069097579835872498e-20
3.579478195333572964e-20
1.585295609009775869e-20
7.010304911694319529e-21
3.095558399168972947e-21
1.365069871405384815e-21
6.012040972303471243e-22
2.644701127750889704e-22
1.162129222736603457e-22
5.101407768354709772e-23
2.237263947685562342e-23
9.803223419116995876e-24
4.292172445013617907e-24
1.877903600475231410e-24
8.210843865953688785e-25
3.587983070851992563e-25
1.567075938155393322e-25
6.841242802704699099e-26
2.985470569896969244e-26
1.302417540235844881e-26
5.680328756785356555e-27
2.476897163577415851e-27
1.079887647434265915e-27
4.707707322138416980e-28
2.052221301707381800e-28
8.946347187779299210e-29
3.900286425240885700e-29
1.700584633353128922e-29
7.416042871099609567e-30
3.234738166943230642e-30
1.411299231252303271e-30
6.159305930391409677e-31
2.689033806417635909e-31
1.174440938985941448e-31
5.131622073272024998e-32
2.243284553044022485e-32
9.811546712873499546e-33
4.293690453128855646e-33
1.880097736892466219e-33
8.237632689697353930e-34
3.611704085736985188e-34
1.584618295230747059e-34
6.957521606177037238e-35
3.057145337344107350e-35
1.344383207941539722e-35
5.916828986195449417e-36
2.606315612247755901e-36
1.149078750574792887e-36
5.070721759464560533e-37
2.239747318891872215e-37
9.902600376656050474e-38
4.382600302379687466e-38
1.941591852729721385e-38
8.610695964988661762e-39
3.822814946275099196e-39
1.699038322418627820e-39
7.559757011643590579e-40
3.367494242342634651e-40
1.501791271487178999e-40
6.705405310324242364e-41
2.997519580738354632e-41
1.341618675288070899e-41
6.012215193521697484e-42
2.697654534509809229e-42
1.211971314969630488e-42
5.452053475775956306e-43
2.455822454561850541e-43
1.107669074474885331e-43
5.002719983761752655e-44
2.262518503114053419e-44
1.024647151858384250e-44
4.646854311627680850e-45
2.110339695461270093e-45
9.597544784826059686e-46
4.371073210835946700e-46
1.993616724912426932e-46
9.105970322949139856e-47
4.165305979513980861e-47
1.908133146846037512e-47
8.754197289279638827e-48
4.022300452432021306e-48
1.850920155156955158e-48
8.530218931522926884e-49
3.937278638831962263e-49
1.820118303004737290e-49
8.427028120073324469e-50
3.907728230856765405e-50
1.814900949596825806e-50
8.442355107956331231e-51
3.933324060024802158e-51
1.835457988738421230e-51
8.578687140125671834e-52
4.015982408710362648e-52
1.883042720514014169e-52
8.843590656344136800e-53
4.160061512220471456e-53
1.960089908841822727e-53
9.250382736870543111e-54
4.372734617195344020e-54
2.070419659556183172e-54
9.819231968279968541e-55
4.664579100286831619e-55
2.219550553954871643e-55
1.057881428204944893e-55
5.050448634299266734e-56
2.415157666808280990e-56
1.156871282821655877e-56
5.550728555404112710e-57
2.667728460030025537e-57
1.284284203310918710e-57
6.193122465551555384e-58
2.991494757114572118e-58
1.447430898470459295e-58
7.015188360556496112e-59
3.405756169788488739e-59
1.656232216330166719e-59
8.067946991342180925e-60
3.936765794550946700e-60
1.924205229659944383e-60
9.421042039527326139e-61
4.620432575846412788e-61
2.269879587911612270e-61
1.117016967670304342e-61
5.506221922102927621e-62
2.718847232822059793e-62
1.344785945521331693e-62
6.662831483318965613e-63
3.306753379775514014e-63
1.643925138932751835e-63
8.186521639045306883e-64
4.083699537308694698e-64
2.040539146203193897e-64
1.021345335269095062e-64
5.120784703265846035e-65
2.571794753662288160e-65
1.293813226697236657e-65
6.519914863471042259e-66
3.291143694829971332e-66
1.664124553613663975e-66
8.428655814070566089e-67
4.276256247187826967e-67
2.173208524879279067e-67
1.106294321255956988e-67
5.641191765823303163e-68
2.881384380590314091e-68
1.474215281423728462e-68
7.555256023883882255e-69
3.878512412097625228e-69
1.994380564173769828e-69
1.027251591417587389e-69
5.299935919098732672e-70
2.738977446776482467e-70
1.417846915823493100e-70
7.351775876712328900e-71
3.818353730602991665e-71
1.986460677659594713e-71
1.035148380717073555e-71
5.403099287235999136e-72
2.824879082117430537e-72
1.479354311008063857e-72
7.759947866189966028e-73
4.077166991624575790e-73
2.145705524448945126e-73
1.131077853888253702e-73
5.972064526399830412e-74
3.158384345258263019e-74
1.673065281645150749e-74
8.877020250033284753e-75
4.717664280409896373e-75
2.511259292938843858e-75
1.338937013639796757e-75
7.150433462648844988e-76
3.824793965714628295e-76
2.049213997587275641e-76
1.099691080033964572e-76
5.910976184042018527e-77
3.182397286158395046e-77
1.716162799659060397e-77
9.269887698558557505e-78
5.015407844006491029e-78
2.718058137677056090e-78
1.475495863357685502e-78
8.023269195703561648e-79
4.370263314229768764e-79
2.384608127006516485e-79
1.303441576991213821e-79
7.137481257850888382e-80
3.915550524920568183e-80
2.152051337056773767e-80
1.185069541670712019e-80
6.538647363438775609e-81
3.614999976548132032e-81
2.002766648938595501e-81
1.111939862802449721e-81
6.187142722774835516e-82
3.450543211555614015e-82
1.928880826382371312e-82
1.080879521967249423e-82
6.072081844240151917e-83
3.419965476081364622e-83
1.931370511376243421e-83
1.093718727517607805e-83
6.211242323823719624e-84
3.537696890794047418e-84
2.021009586065806645e-84
1.158130612850047419e-84
6.657685226734159983e-85
3.839722183027020795e-85
2.221879175316598952e-85
1.290081854986905653e-85
7.516594208406635429e-86
4.395025314646352139e-86
2.579087335678388039e-86
1.519013115714635964e-86
8.979923397097791160e-87
5.328716068194279903e-87
3.174190140981726045e-87
1.898119874611197678e-87
1.139496442662632104e-87
6.867799967435615593e-88
4.155781754195495286e-88
