# bin_8
0.000000000000000000e+00
0.000000000000000000e+00
0.000000000000000000e+00
0.000000000000000000e+00
4.940656458412465442e-323
1.133648603221416447e-311
1.189104442495044859e-300
4.825377084020748046e-290
7.943478756572217793e-280
5.532549225498143553e-270
1.694357842703753248e-260
2.364821558879274285e-251
1.555442135574649904e-242
4.975526575021427254e-234
7.973170922523784886e-226
6.582531319149587053e-218
2.875003759187239941e-210
6.812199658259201639e-203
8.968356075637394663e-196
6.710913241640336780e-189
2.916684394948927749e-182
7.516089515495533000e-176
1.171203433750759882e-169
1.124517426088755213e-163
6.773045692136269870e-158
2.603345691892741712e-152
6.491279012163504843e-147
1.066576345674723466e-141
1.172297417303489967e-136
8.744042707139825670e-132
4.487426339481189995e-127
1.605557260448756233e-122
4.055959975452933027e-118
7.322708197686423747e-114
9.559090215747388748e-110
9.123904984971281809e-106
6.436097886028858721e-102
3.390122821517021737e-98
1.346653480918466444e-94
4.072605278030762855e-91
9.463082169893653732e-88
1.704320298495606251e-84
2.399364469982217878e-81
2.661925354002528184e-78
2.345550382954068177e-75
1.653901933920236546e-72
9.400166120678195960e-70
4.336605524604371656e-67
1.634816226689781675e-64
5.068758230140347337e-62
1.300631711541905038e-59
2.778661145444035278e-57
4.971181992678443841e-55
7.489464992348773200e-53
9.553155552475387937e-51
1.037057598995736378e-48
9.629295477151793577e-47
7.684598799072642803e-45
5.295528038066577739e-43
3.165300208699908621e-41
1.648264549013834057e-39
7.508781103868295566e-38
3.004723430036445618e-36
1.060313868844839504e-34
3.312106310419356962e-33
9.191870308635273934e-32
2.274417783492952947e-30
5.034882617500935686e-29
1.000456625186754379e-27
1.790139799551584186e-26
2.893343956235403097e-25
4.236807185348981030e-24
5.637181353849884968e-23
6.834217357923728929e-22
7.570054507649020782e-21
7.681309220351374911e-20
7.158204646070871741e-19
6.141543676250287452e-18
4.862886675086706811e-17
3.561725154029543097e-16
2.418532151858319914e-15
1.525858690201581559e-14
8.963236701253917958e-14
4.912392088072862991e-13
2.516875438294585200e-12
1.207836965116653404e-11
5.439331647796022889e-11
2.302832948658655559e-10
9.181745649120107426e-10
3.453650220093416514e-09
1.227566396856661458e-08
4.129792414221736708e-08
1.317078486267539644e-07
3.988046987385604188e-07
1.148209570401021884e-06
3.147924775740587743e-06
8.229689722063825567e-06
2.054454552963599963e-05
4.903957777500284526e-05
1.120735185531752758e-04
2.455392726775121564e-04
5.163491682920312836e-04
1.043521719864284230e-03
2.029152713593470117e-03
3.800952980291691808e-03
6.866484056197092942e-03
1.197653680032343369e-02
2.019136711226249964e-02
3.293922258902046846e-02
5.205270455382417921e-02
7.976628271663860348e-02
1.186590285993760208e-01
1.715312980091880934e-01
2.412128081907423116e-01
3.303113717128177140e-01
4.409244354603034655e-01
5.743467726295329312e-01
7.308143557416053593e-01
9.093244618379361377e-01
1.107564640642374698e+00
1.321969199804722939e+00
1.547903759961431147e+00
1.779959625627954845e+00
2.012323791037037513e+00
2.239180257444093769e+00
2.455095570559947760e+00
2.655346107841653147e+00
2.836155238429253433e+00
2.994822663874441737e+00
3.129743311308656573e+00
3.240326648564436418e+00
3.326837484219818286e+00
3.390185360448248364e+00
3.431691543020903179e+00
3.452860982185060212e+00
3.455182405965835812e+00
3.439973907559979338e+00
3.408284854725389668e+00
3.360858319098642077e+00
3.298151939957193246e+00
3.220409524723661931e+00
3.127771036118910164e+00
3.020405222202850126e+00
2.898647310224246265e+00
2.763124148257697144e+00
2.614851034686978437e+00
2.455288097887553533e+00
2.286349094447810870e+00
2.110361271798629978e+00
1.929980734144452148e+00
1.748072785635373938e+00
1.567570347474076975e+00
1.391325334735276753e+00
1.221967710828134601e+00
1.061784991922332777e+00
9.126316785413988164e-01
7.758740295205716064e-01
6.523713892394894520e-01
5.424914935725979603e-01
4.461542317869075513e-01
3.628964644438406051e-01
2.919497368960321526e-01
2.323229701805538949e-01
1.828832310621708868e-01
1.424292010432280098e-01
1.097536982265579220e-01
8.369331171719655849e-02
6.316470392844612813e-02
4.718831121364826242e-02
3.490098452274929819e-02
2.555957079738962329e-02
1.853759186712679655e-02
1.331710052311384403e-02
9.477558700517280110e-03
6.683260373227460985e-03
4.670469714455214617e-03
3.235105960724884034e-03
2.221507665447062206e-03
1.512564780711980620e-03
1.021321047790815090e-03
6.840181270421210680e-04
4.544691277621482344e-04
2.996031966449732111e-04
1.960049074189310948e-04
1.272735974317677256e-04
8.204123556991666454e-05
5.250725752700544151e-05
3.337103111834790515e-05
2.106454140836232591e-05
1.320792114423123389e-05
8.227805207345452394e-06
5.092917088081416090e-06
3.132905244578969962e-06
1.915534211408257840e-06
1.164280117341421823e-06
7.035773355095285122e-07
4.227794114577577396e-07
2.526522938096935468e-07
1.501754181694393464e-07
8.879701641801941785e-08
5.223703550959685970e-08
3.057700780548210537e-08
1.781157967681303983e-08
1.032653363747622893e-08
5.959420818297714014e-09
3.423754539936668002e-09
1.958398260238789965e-09
1.115447230646825022e-09
6.326966294164044095e-10
3.574278724395049828e-10
2.011290160585836792e-10
1.127458521388497442e-10
6.296673527987935107e-11
3.503893464863299344e-11
1.942957136364466485e-11
1.073719421096966116e-11
5.913920492076553430e-12
3.246820237098256621e-12
1.776966745025876404e-12
9.695675347801960870e-13
5.274644318377941086e-13
2.861294261933028331e-13
1.547829900179819919e-13
8.350485060154889520e-14
4.493281404405481664e-14
2.411648171016649052e-14
1.291210287984013772e-14
6.896778846120418585e-15
3.675317371339509101e-15
1.954226482574689397e-15
1.036855110672948783e-15
5.489785589331515735e-16
2.900796123219419580e-16
1.529795282440311323e-16
8.052540065683603619e-17
4.231014675872161479e-17
2.219199014440826306e-17
1.162025105452944052e-17
6.074761342394117366e-18
3.170762748494386351e-18
1.652513168256808344e-18
8.599992719218829820e-19
4.469387599906178752e-19
2.319631758503904256e-19
1.202361278294289211e-19
6.224710586869966921e-20
3.218803471283417608e-20
1.662582778382556401e-20
8.578425148862557575e-21
4.421695534360566932e-21
2.276922018234151596e-21
1.171402583954034927e-21
6.021200997807733137e-22
3.092422436166260679e-22
1.586984423078021163e-22
8.138112523319649063e-23
4.170331015561181805e-23
2.135656641653632013e-23
1.093010365069089604e-23
5.590705229923634262e-24
2.858087584371363183e-24
1.460386823337714414e-24
7.458649130680287015e-25
3.807750443276411677e-25
1.943160184890251781e-25
9.912792819261104421e-26
5.055288112852006478e-26
2.577348203187352421e-26
1.313687662427698741e-26
6.694485831227196953e-27
3.410847942605803730e-27
1.737565461575533470e-27
8.850484622834260144e-28
4.507680092888625122e-28
2.295683999067873523e-28
1.169113494241136315e-28
5.953866388613852173e-29
3.032154897604446565e-29
1.544277565715061877e-29
7.865612850347026442e-30
4.006676689617562192e-30
2.041228521546499411e-30
1.040076746056975087e-30
5.300491976694177632e-31
2.701807453415379534e-31
1.377495510085143036e-31
7.024792806880811972e-32
3.583390313250952375e-32
1.828443353948938450e-32
9.332651134093269924e-33
4.765119629924797689e-33
2.433866612599697646e-33
1.243605597768170532e-33
6.356821950640762653e-34
3.250702910939865865e-34
1.663039465105665248e-34
8.511848493331744336e-35
4.358620987774436121e-35
2.232985409068592295e-35
1.144568324890005468e-35
5.869808787904879270e-36
3.011894483401022108e-36
1.546308474195306252e-36
7.943281690077027021e-37
4.082798499745857732e-37
2.099793771583982012e-37
1.080593790490684414e-37
5.564442892431260254e-38
2.867216177083624438e-38
1.478375321981250060e-38
7.627818365727230151e-39
3.938338820077162701e-39
2.034831704388223798e-39
1.052087994030871684e-39
5.443636544499599827e-40
2.818674191614322037e-40
1.460576915480941161e-40
7.574130011268709320e-41
3.930743519959514356e-41
2.041526543690366643e-41
1.061153861680835768e-41
5.520128820136751913e-42
2.873902342845694415e-42
1.497445578713061690e-42
7.808912223484162449e-43
4.075628478536844658e-43
2.128958477137994038e-43
1.113043796989834214e-43
5.824163837014325988e-44
3.050246191653363767e-44
1.598894485486559478e-44
8.388645594136811890e-45
4.405086698953314707e-45
2.315319877820022330e-45
1.218048933192077019e-45
6.413850803115689389e-46
3.380465122082327638e-46
1.783366413235332591e-46
9.417034877038363072e-47
4.977372344596021395e-47
2.633305555867573051e-47
1.394505754989160766e-47
7.391966671467251149e-48
3.922139002282046098e-48
2.083108437794933729e-48
1.107463174325147668e-48
5.893561608233388746e-49
3.139497171182383674e-49
1.674089828391914236e-49
8.935863900435630728e-50
4.774592423102886651e-50
2.553765623097669004e-50
1.367331925063571781e-50
7.328558221492533173e-51
3.932046383501866790e-51
2.111924950429237734e-51
1.135541120562390255e-51
6.112194766898582464e-52
3.293575094680666956e-52
1.776728244146336019e-52
9.595452461703384015e-53
5.188119862780121637e-53
2.808438737432822083e-53
1.522095893629539150e-53
8.259511812217038708e-54
4.487628199163979483e-54
2.441439869326038261e-54
1.330026326836184389e-54
7.255707015665053939e-55
3.963936777854495079e-55
2.168829040521870738e-55
1.188506655910732115e-55
6.523543960532576581e-56
3.586749551979064530e-56
1.975538650467535923e-56
1.090109585183143039e-56
6.026837819140768533e-57
3.338715387489724612e-57
1.853432299553651884e-57
1.031143768222817076e-57
5.749700613456603844e-58
3.213612406717596618e-58
1.800540548939158184e-58
1.011375164399640447e-58
5.695871157214759023e-59
3.216507317119201518e-59
1.821473113879817439e-59
1.034454180854243932e-59
5.892307722968896199e-60
3.366506463389374988e-60
1.929417678392706510e-60
1.109321173443650296e-60
6.398859586994288252e-61
3.703313713359929443e-61
2.150541730797226556e-61
1.253140747439818151e-61
7.327738006112279357e-62
4.300113832727508227e-62
2.532503697982727106e-62
1.496921013529765839e-62
8.880619877856647682e-63
