# bin_3
0.000000000000000000e+00
1.303472029130686819e-48
3.256724299233068675e-45
3.461092035158907981e-42
2.189856782849723602e-39
9.191519825289491382e-37
2.695529653262730657e-34
5.701425789064082703e-32
8.901870578287562230e-30
1.045636235010754066e-27
9.394190937438086202e-26
6.551772735239541429e-24
3.595360179865483010e-22
1.571777171768607799e-20
5.536976316989367923e-19
1.588543907810460176e-17
3.748627904458637713e-16
7.343810373303262392e-15
1.204854573238027168e-13
1.669105208605345906e-12
1.967638188041524096e-11
1.988465419195093788e-10
1.734755545229307515e-09
1.315202539478635412e-08
8.720270073759535118e-08
5.087116303015518196e-07
2.626162437955662757e-06
1.206353539642366710e-05
4.957071092838067380e-05
1.831365905149019539e-04
6.112819924868072340e-04
1.852099585905590384e-03
5.116974216323380911e-03
1.294779615841233980e-02
3.013457596801701055e-02
6.477791395251537854e-02
1.291364318750656270e-01
2.396997033469906169e-01
4.159088514575661200e-01
6.772395331286878983e-01
1.038952015437871079e+00
1.507485844710934275e+00
2.076890590966868899e+00
2.727560408268125514e+00
3.427851462326584109e+00
4.138183810611185010e+00
4.816407669188157215e+00
5.422919441144926189e+00
5.924345781075066597e+00
6.295365379412507068e+00
6.519019487085840225e+00
6.586315053776808703e+00
6.495891485621826611e+00
6.254098713578349233e+00
5.875290827727677190e+00
5.381769592499954236e+00
4.802789101006980310e+00
4.172342469129279863e+00
3.525923328557756697e+00
2.896863170995733761e+00
2.313020611628676004e+00
1.794493289698740890e+00
1.352711456788855848e+00
9.908947447026570376e-01
7.055460936515615122e-01
4.884994528853480733e-01
3.290399732592336757e-01
2.157326064296294921e-01
1.377611076849211691e-01
8.573551935013233594e-02
5.203688376479918137e-02
3.082338736514969937e-02
1.783101542970401410e-02
1.008113591998157504e-02
5.574325965992651954e-03
3.016723540240239497e-03
1.598995325566927557e-03
8.306767224466424671e-04
4.232433580178070372e-04
2.116490851643730911e-04
1.039441087258500933e-04
5.016762591529419301e-05
2.381024699024979330e-05
1.111964133529755159e-05
5.112899484402943769e-06
2.316058639483099882e-06
1.034158306038203872e-06
4.554305754648148525e-07
1.979204808914129298e-07
8.492228442247238200e-08
3.599459787463109349e-08
1.507834020438109297e-08
6.245679990136681713e-09
2.559287360446231252e-09
1.037931106415403442e-09
4.167918184863954532e-10
1.657891893316123848e-10
6.535202996025912344e-11
2.553887402080196641e-11
9.898120518431369393e-12
3.806057492950830445e-12
1.452538825005736058e-12
5.503806757844808560e-13
2.071238143546076559e-13
7.744119698879220659e-14
2.877586834652157053e-14
1.063001728486638788e-14
3.904983277709289929e-15
1.426955541433036470e-15
5.188360303739339636e-16
1.877572462875252957e-16
6.764331422500730190e-17
2.426753585751833670e-17
8.671747169683934513e-18
3.087249418934195252e-18
1.095271378721040685e-18
3.873059535230734539e-19
1.365410989540638949e-19
4.799994586332241114e-20
1.682963292255737210e-20
5.886411887877994079e-21
2.054241836099061377e-21
7.154141897543282609e-22
2.486830246383461828e-22
8.629634244104246939e-23
2.989984327552182435e-23
1.034536870646255451e-23
3.575127686946965983e-24
1.234159918744192943e-24
4.256466777049475696e-25
1.466852838302327824e-25
5.051761956191205795e-26
1.738904951439393635e-26
5.983305172731187932e-27
2.058224238408233419e-27
7.079173441120547561e-28
2.434787898501246541e-28
8.374852255850413873e-29
2.881228600096370799e-29
9.915357164753837020e-30
3.413603796106713669e-30
1.175802874997602443e-30
4.052413015070669310e-31
1.397624178016327518e-31
4.823952565892561924e-32
1.666436129385248593e-32
5.762131659454671428e-33
1.994440846095088023e-33
6.910922988527887920e-34
2.397508422195093882e-34
8.327690826181919924e-35
2.896406391222166626e-35
1.008774031411750296e-35
3.518485837380955423e-36
1.229057710728662724e-36
4.300009168264025858e-37
1.506857830934899682e-37
5.289385552951123879e-38
1.859908590028361110e-38
6.551699088283159869e-39
2.312139149751586860e-39
8.175090964837550077e-40
2.896076093127120930e-40
1.027981949734618809e-40
3.656266347698861525e-41
1.303121595971340609e-41
4.654190125884186933e-42
1.665834977478847514e-42
5.975365614077386952e-43
2.148112333758660800e-43
7.739701893123378485e-44
2.794990724650316501e-44
1.011670260839308899e-44
3.670397495670456441e-45
1.334796966752739545e-45
4.865833981198857637e-46
1.778077931557143846e-46
6.513384233521409342e-47
2.391858613838349255e-47
8.805362584526409388e-48
3.249761609395728301e-48
1.202423445390843925e-48
4.460399606163861232e-49
1.658856515556591726e-49
6.185438889282197628e-50
2.312418304652028924e-50
8.667694974939349505e-51
3.257534198795584795e-51
1.227521022660187390e-51
4.637987675170907062e-52
1.757100948380162486e-52
6.674761625654163438e-53
2.542446793926108746e-53
9.710685519183205821e-54
3.719070019241522835e-54
1.428267417336114239e-54
5.500211570039865807e-55
2.123966536403656390e-55
8.224657261200225121e-56
3.193691894509828088e-56
1.243587220642607919e-56
4.855905590687398161e-57
1.901417385032112776e-57
7.466209939173594587e-58
2.939953753121396614e-58
1.160914425477384352e-58
4.597068387423025677e-59
1.825509982318503996e-59
7.269611509731114138e-60
2.903106732612502909e-60
1.162627256685161995e-60
4.669220765124676975e-61
1.880508372884134317e-61
7.595099561918712496e-62
3.076233029336396904e-62
1.249489525685343448e-62
5.089481726143030679e-63
2.078939383275068095e-63
8.516027578203130883e-64
3.498313773211013718e-64
1.441140425582165989e-64
5.953590053574354674e-65
2.466469570041003565e-65
1.024697811917408762e-65
4.269116021639886778e-66
1.783614469104250041e-66
7.472803571542319767e-67
3.139671885306491016e-67
1.322822414393535903e-67
5.588995742666862029e-68
2.367986596175343186e-68
1.006088330914771561e-68
4.286496673878458897e-69
1.831371234176776931e-69
7.846134209974477943e-70
3.370841820884819886e-70
1.452185459726360577e-70
6.273422878546230452e-71
2.717586894815231982e-71
1.180473579099611376e-71
5.141863594048517338e-72
2.245813602272975156e-72
9.835877425084548166e-73
4.319525661981826661e-73
1.902128309905534347e-73
8.398883458432713681e-74
3.718591198688780636e-74
1.650849738635346778e-74
7.348622204229496691e-75
3.279975174460999770e-75
1.467906525050666651e-75
6.586980197796070624e-76
2.963679862422179588e-76
1.336995719361059948e-76
6.047547991393262323e-77
2.742685149731721716e-77
1.247144057500398618e-77
5.685884056198693014e-78
2.599062552812694039e-78
1.191158163117970756e-78
5.473343188229814341e-79
2.521523569187705225e-79
1.164654244792935498e-79
5.393257134780701666e-80
2.503928056595852983e-80
1.165482148687481213e-80
5.438747485234366418e-81
2.544474273781540526e-81
1.193437063752889668e-81
5.611767075815421380e-82
2.645420792118420593e-82
1.250205007629572809e-82
5.923185996351331661e-83
2.813283346202543167e-83
1.339528132874441832e-83
6.393913233217638974e-84
3.059528040835935762e-84
1.467611784142560637e-84
7.057213201508614707e-85
3.401862948673359656e-85
1.643834683533733324e-85
7.962573089501241467e-86
3.866329807065720296e-86
1.881874846480414655e-86
9.181743275527128522e-87
4.490537328778201260e-87
2.201437790451509001e-87
1.081796681271441956e-87
5.328588327978616172e-88
2.630886809892224539e-88
1.302002441997437384e-88
6.458582975627207602e-89
3.211254050850471539e-89
1.600369368684751998e-89
7.994109733392392606e-90
4.002399696782121703e-90
2.008479725735043639e-90
1.010199756317805320e-90
5.092558758930034345e-91
2.573060465374619873e-91
1.303002544693280718e-91
6.613297222393788244e-92
3.364065988396860652e-92
1.715066016757806663e-92
8.763210351371685134e-93
4.487535360914558042e-93
2.303090377371139843e-93
1.184591822809052004e-93
6.106288801687286514e-94
3.154518115301440089e-94
1.633172300403731889e-94
8.473649695432596293e-95
4.406002719248058941e-95
2.295889646804779913e-95
1.198907010286595628e-95
6.273999583252420010e-96
3.290214634242754301e-96
1.729103550353936228e-96
9.106072057483301851e-97
4.805634723376612828e-97
2.541419285829093539e-97
1.346803015588851007e-97
7.152046792026567758e-98
3.805848053202717426e-98
2.029381546433337533e-98
1.084334995245997935e-98
5.805599851963271935e-99
3.114662136445728773e-99
1.674369789923598740e-99
9.019132980503202688e-100
4.867966367498558333e-100
2.632668154655548472e-100
1.426615240556153989e-100
7.745977191597091363e-101
4.214059113304082921e-101
2.297082221573907516e-101
1.254585984729318290e-101
6.865446356108368749e-102
3.764246699849657046e-102
2.067877700263817986e-102
1.138166064519084417e-102
6.276492191486022638e-103
3.467811873512198373e-103
1.919631552635949699e-103
1.064634979708926401e-103
5.915627675999756497e-104
3.293176497782210477e-104
1.836708258414474277e-104
1.026297778925956254e-104
5.745288375649858426e-105
3.222202946991041309e-105
1.810481859536202706e-105
1.019139400841936851e-105
5.747372926836210088e-106
3.247133884582088815e-106
1.837914075603620323e-106
1.042183395693443300e-106
5.920487526308094729e-107
3.369507322024730529e-107
1.921202350446855559e-107
1.097440006164188616e-107
6.280494199157944458e-108
3.600956606637772744e-108
2.068521884549202389e-108
1.190499465557447460e-108
6.864920541790174164e-109
3.966351609947111936e-109
2.296203269473918086e-109
1.332014210014149966e-109
7.742919872942305771e-110
4.510430893968142860e-110
2.633119929832090892e-110
1.540588029165493513e-110
9.034237118304970496e-111
5.310227590432443466e-111
3.128820964392187735e-111
1.848097821233652415e-111
1.094404592381668640e-111
6.497895504722875103e-112
3.868507580900861161e-112
2.309536396905490267e-112
1.382776375650348861e-112
8.303481620542082512e-113
5.001323801874996570e-113
3.021769028888784976e-113
1.831570873551946654e-113
1.113797727610969402e-113
6.795825060711851005e-114
4.160671669706924361e-114
2.556236760736704116e-114
1.576103727958975105e-114
9.753106084220798591e-115
6.057625424070585789e-115
3.776491892076900204e-115
2.363334306961244767e-115
1.484685287604702448e-115
9.363470639178278680e-116
5.928590285100029868e-116
3.768733930660095786e-116
2.405385521465961726e-116
1.541463458357431872e-116
