# bin_1
0.000000000000000000e+00
1.810191671699789423e-02
6.584951724286348951e-02
1.368584799402632612e-01
2.264689516905471489e-01
3.308331010163810260e-01
4.466374081957233955e-01
5.709956888383068696e-01
7.014060695008353941e-01
8.357304985464445446e-01
9.721772088937611356e-01
1.109277160215907054e+00
1.245852003740138603e+00
1.380975201784600426e+00
1.513929991689307419e+00
1.644168233722749450e+00
1.771273345701254831e+00
1.894929117608998181e+00
2.014894733545690375e+00
2.130985103405654169e+00
2.243054699439819277e+00
2.350982445598423176e+00
2.454654748101126938e+00
2.553943500731330474e+00
2.648676005951468237e+00
2.738594502106158846e+00
2.823304677194792500e+00
2.902215336937702173e+00
2.974475113417290650e+00
3.038916146876385227e+00
3.094018029879709086e+00
3.137906744367927825e+00
3.168401773619906159e+00
3.183119518463993103e+00
3.179632945737699945e+00
3.155677345502589493e+00
3.109382186530788239e+00
3.039501584752180463e+00
2.945612719608531105e+00
2.828253643013525220e+00
2.688979146713595725e+00
2.530324375044005425e+00
2.355678586811823294e+00
2.169083509895598283e+00
1.974980006346983341e+00
1.777931897490903079e+00
1.582356333497911827e+00
1.392286470606866056e+00
1.211185556331525692e+00
1.041823281213614560e+00
8.862169086225081260e-01
7.456324560043541272e-01
6.206358661922378728e-01
5.111810071141328349e-01
4.167203939929683409e-01
3.363253657507774830e-01
2.688045327829532427e-01
2.128120784430403700e-01
1.669404347160666768e-01
1.297945754388105666e-01
1.000474291951521655e-01
7.647759176501310596e-02
5.799160463165389801e-02
4.363362546486567600e-02
3.258545405526559052e-02
2.415971235003522288e-02
1.778862383527365920e-02
1.301039164582570677e-02
9.454709562165278247e-03
6.828505168810386147e-03
4.902638925699814507e-03
3.499979399255513917e-03
2.485044372751242254e-03
1.755233552677284503e-03
1.233570738919840702e-03
8.628099244854555002e-04
6.007295027135336031e-04
4.164316171245698007e-04
2.874715281975114716e-04
1.976584065471763733e-04
1.353896296331028992e-04
9.240234955472849279e-05
6.284685219301217626e-05
4.260493953300385344e-05
2.879273736053278166e-05
1.940085786692234633e-05
1.303587142805593393e-05
8.735834199166063707e-06
5.839501895530840998e-06
3.894163838906149312e-06
2.591060412298942095e-06
1.720369555081294059e-06
1.139989809460021557e-06
7.539933461733521798e-07
4.978195392327629223e-07
3.281429675832134069e-07
2.159674051136797667e-07
1.419361027264662054e-07
9.315821607585120038e-08
6.106827286503075161e-08
3.998687016775741390e-08
2.615569101893162662e-08
1.709229358855362630e-08
1.115981209007077870e-08
7.280673750627625152e-09
4.746559558132595410e-09
3.092518491378645882e-09
2.013742139559447469e-09
1.310643723983905277e-09
8.526772268547746185e-10
5.545399312774950790e-10
3.605429856787400925e-10
2.343604279214580834e-10
1.523142406079435065e-10
9.898076510700063240e-11
6.431901133110210588e-11
4.179549749486511070e-11
2.716087280667290757e-11
1.765239851809051768e-11
1.147441154009569544e-11
7.460088578148641552e-12
4.851363854218983259e-12
3.155794748108646825e-12
2.053509617382422640e-12
1.336734692942727645e-12
8.705043435536708827e-13
5.671397020657161376e-13
3.696733038120901920e-13
2.410849078229408070e-13
1.573114246851047281e-13
1.027076228288003624e-13
6.709815963686073369e-14
4.386285493981230385e-14
2.869286316855660780e-14
1.878250262490386284e-14
1.230401988346247689e-14
8.066136320506976083e-15
5.291997131574619743e-15
3.474715718515866842e-15
2.283359627891938203e-15
1.501737592460500416e-15
9.885245060161436784e-16
6.512730008865167403e-16
4.294664038710681711e-16
2.834612529224910203e-16
1.872682545576842139e-16
1.238362591379891468e-16
8.196937535659718194e-17
5.431030038121358408e-17
3.602018260702197531e-17
2.391381190711414611e-17
1.589266381859873319e-17
1.057292388695716831e-17
7.041242697182721995e-18
4.694229864040682740e-18
3.132889037817673711e-18
2.093128344171451287e-18
1.399978052402711651e-18
9.374006289384231206e-19
6.283647461279280872e-19
4.216815985250315556e-19
2.833004531371634146e-19
1.905473855768566870e-19
1.283083634514378467e-19
8.649801593451437225e-20
5.837935948346240638e-20
3.944728608377486287e-20
2.668591025349051384e-20
1.807408446068165471e-20
1.225581354947389549e-20
8.320349044576112743e-21
5.655309504569427011e-21
3.848472394213151470e-21
2.622038953776118374e-21
1.788587299460164799e-21
1.221526054415943189e-21
8.352531952180956617e-22
5.718175626236337045e-22
3.919419690555895960e-22
2.689749778036667502e-22
1.848113376457554391e-22
1.271372018765326577e-22
8.756782980924393057e-23
6.038720377137047809e-23
4.169404721551038652e-23
2.882254359269142084e-23
1.994894366012317687e-23
1.382410423807526860e-23
9.591436632967626612e-24
6.662847634386810503e-24
4.634101881391190232e-24
3.227012105133182777e-24
2.249907736770875385e-24
1.570571204545777339e-24
1.097688220597365444e-24
7.681188279488523050e-25
5.381525133057095847e-25
3.774933925442556748e-25
2.651183343162318314e-25
1.864214796252645670e-25
1.312433235899242735e-25
9.250875174622704084e-26
6.528478164282833075e-26
4.612791025472432463e-26
3.263152749475801138e-26
2.311170010945602398e-26
1.638876675681709984e-26
1.163535211934517835e-26
8.270477956274211721e-27
5.885703980393440719e-27
4.193549992469692417e-27
2.991435709275299482e-27
2.136440325740824660e-27
1.527614868746899899e-27
1.093572915947955620e-27
7.837744207670653085e-28
5.623964635030212510e-28
4.040181619599776844e-28
2.905792770949152616e-28
2.092340870019175290e-28
1.508352572335089877e-28
1.088615435541016196e-28
7.865853149806920021e-29
5.690041356849942400e-29
4.120802024445155588e-29
2.987743378388591179e-29
2.168695150377503381e-29
1.575962351313447986e-29
1.146525468999924658e-29
8.350462337571232591e-30
6.088701404021455640e-30
4.444516773816755604e-30
3.247943803664668304e-30
2.376155722549336159e-30
1.740291772544176114e-30
1.275993137827542927e-30
9.365954238417048048e-31
6.882265965992198001e-31
5.062731521692277438e-31
3.728298319316696931e-31
2.748571283599140999e-31
2.028486946813298540e-31
1.498664970982979110e-31
1.108414704081666287e-31
8.206606942274738358e-32
6.082566486533343103e-32
4.513050686319668322e-32
3.352060939934871419e-32
2.492356575938915582e-32
1.855082578091532142e-32
1.382195064796013239e-32
1.030924037906760844e-32
7.697211938219757264e-33
5.752914037356820256e-33
4.304157889064438040e-33
3.223536407180281794e-33
2.416680543309823782e-33
1.813620413664913475e-33
1.362423830558675918e-33
1.024507058452738240e-33
7.711746888165179284e-34
5.810638647288205340e-34
4.382545766834662168e-34
3.308710301753018995e-34
2.500454296253312118e-34
1.891494987046677425e-34
1.432239902254233551e-34
1.085547544640045423e-34
8.235740285438414339e-35
6.254251734611993869e-35
4.754065984238853678e-35
3.617182311227500659e-35
2.754794153292040014e-35
2.100001891496587030e-35
1.602360458285371763e-35
1.223795851039774426e-35
9.355439285343336575e-36
7.158533703406197199e-36
5.482603997958194423e-36
4.202917210621035678e-36
3.224884655976228464e-36
2.476710100451891063e-36
1.903847038079215133e-36
1.464815987776282001e-36
1.128045167303790513e-36
8.694819453277269773e-37
6.707853598241919468e-37
5.179570893601082632e-37
4.003035702471485004e-37
3.096484439589977210e-37
2.397344147318954242e-37
1.857685528925124518e-37
1.440763319979401998e-37
1.118381619367367227e-37
8.688856757884840136e-38
6.756298152629068210e-38
5.258075842642189426e-38
4.095576859451627265e-38
3.192800921082089450e-38
2.491124661306929814e-38
1.945289695966551737e-38
1.520325798209708088e-38
1.189189191232750425e-38
9.309481941632741920e-39
7.293881741191054341e-39
5.719379877280461572e-39
4.488431245431144545e-39
3.525283232790472934e-39
2.771058306669582534e-39
2.179957061096066204e-39
1.716323977051456013e-39
1.352377996807762136e-39
1.066455835243760823e-39
8.416510661976027474e-40
6.647589542281462385e-40
5.254576756405518173e-40
4.156724549136328009e-40
3.290813541984680894e-40
2.607308504416844822e-40
2.067365715835935931e-40
1.640501412286967801e-40
1.302773839585103799e-40
1.035364652499144203e-40
8.234710649045547865e-41
6.554400015316517408e-41
5.220908598936071358e-41
4.161853854373663417e-41
3.320123822839295623e-41
2.650621333862277272e-41
2.117709556963547039e-41
1.693206291921967981e-41
1.354807922616595067e-41
1.084850054894545970e-41
8.693321800101533592e-42
6.971495417848060229e-42
5.594877368171976672e-42
4.493452172482032344e-42
3.611563954999576838e-42
2.904939364374919411e-42
2.338334268819278125e-42
1.883672170552592805e-42
1.518570525654856539e-42
1.225173296362383245e-42
9.892254346265005299e-43
7.993386356434293359e-43
6.464084176050631270e-43
5.231510113645175877e-43
4.237351752047477782e-43
3.434892719427323104e-43
2.786680607197621629e-43
2.262669009771388056e-43
1.838736270433053775e-43
1.495503741619617261e-43
1.217392350445412256e-43
9.918688997962940258e-44
8.088435380362996678e-44
6.601877519095440821e-44
5.393485149610328969e-44
4.410392022880503385e-44
3.609918332879782798e-44
2.957583415582876483e-44
2.425510643779383152e-44
1.991146268782060697e-44
1.636229737256080054e-44
1.345965574457434406e-44
1.108356935614136678e-44
9.136689089475849372e-45
7.539960222456431945e-45
6.229134893944316025e-45
5.151957953522868981e-45
4.265894653887047912e-45
3.536294621067761018e-45
2.934907330993351317e-45
2.438680975569755284e-45
2.028789949615036703e-45
1.689846894775928329e-45
1.409263826795135216e-45
1.176733770154947490e-45
9.838098660975202238e-46
8.235633755100147436e-46
6.903055823476878503e-46
5.793614883087811402e-46
4.868855131628151227e-46
4.097112878384642692e-46
3.452291375464628744e-46
2.912860707807825354e-46
2.461040739144179401e-46
2.082133059828858536e-46
1.763974308317739307e-46
1.496488436002079180e-46
1.271319692497198106e-46
1.081531516231884967e-46
9.213592770689997629e-47
7.860070575901401068e-47
6.714804774478392000e-47
5.744490413815010644e-47
4.921326911109301571e-47
4.222082168563650898e-47
3.627319781036985223e-47
3.120760297284099795e-47
2.688752764508951017e-47
