# bin_5
0.000000000000000000e+00
1.850284148715111259e-197
1.168221040959210350e-190
2.580715499764828802e-184
2.831427868598727697e-178
1.740882976858028066e-172
6.385038525611600777e-167
1.454466224064433916e-161
2.120134065760825062e-156
2.025978093359001949e-151
1.295689864987348978e-146
5.648650480623783072e-142
1.706999947879106555e-137
3.631540089587440670e-133
5.518248082468633316e-129
6.071256208941218560e-125
4.899054554506553735e-121
2.934945610645062855e-117
1.320603991159275323e-113
4.512460702336457230e-110
1.183247452608934738e-106
2.404895864533638217e-103
3.824812689322008219e-100
4.803540072063782301e-97
4.805237143168316984e-94
3.860701177467708978e-91
2.511029761258029314e-88
1.332163844868924398e-85
5.806668567565673038e-83
2.093962609130068583e-80
6.288755124275098923e-78
1.582977989545428327e-75
3.360047536087081130e-73
6.049415468784111161e-71
9.289932065666311326e-69
1.223427311552850777e-66
1.388839768391007167e-64
1.365800392503452219e-62
1.169099266076407846e-60
8.750476546238089501e-59
5.752255720836680343e-57
3.335087804461192140e-55
1.712399955235464605e-53
7.816839452223711363e-52
3.184346983374431949e-50
1.161841116394521242e-48
3.810006419841700941e-47
1.126721978855274220e-45
3.014573402415678201e-44
7.319943080692771155e-43
1.617960592487566073e-41
3.264865095441469239e-40
6.031332532907354731e-39
1.022780822112250742e-37
1.596255278586500189e-36
2.298593341849851035e-35
3.061353719185410239e-34
3.779823492868820082e-33
4.336269208052142514e-32
4.632272884112168658e-31
4.617633212301437869e-30
4.304030770835418348e-29
3.758507479586940167e-28
3.080806868245891726e-27
2.374761171788250875e-26
1.724458734080741937e-25
1.181703889457237180e-24
7.654356373981140422e-24
4.694080260588104461e-23
2.729664164909682796e-22
1.507433276393786526e-21
7.917161504676625673e-21
3.960186403174649081e-20
1.889162190065628441e-19
8.606061172599866152e-19
3.748670251636136244e-18
1.563242598535503123e-17
6.248472016876768899e-17
2.396764914853044110e-16
8.832253425997052214e-16
3.130310414823185606e-15
1.068154236918483530e-14
3.512838174543881292e-14
1.114534269923927327e-13
3.414761187050689629e-13
1.011269419465473929e-12
2.897403374647861057e-12
8.038423034789502131e-12
2.161352319508026738e-11
5.636833699845189068e-11
1.427090337827276372e-10
3.510070204182020677e-10
8.393825785548075911e-10
1.953017676416037283e-09
4.424534658123053880e-09
9.766715553901213917e-09
2.102058361947963661e-08
4.414116953954799223e-08
9.049515366958849473e-08
1.812429489425117191e-07
3.548262064730450939e-07
6.794324749648050081e-07
1.273219525169650680e-06
2.336308968292486303e-06
4.200146080838566113e-06
7.401785864556120731e-06
1.279297207740097903e-05
2.169642404234397340e-05
3.612434198509984742e-05
5.907648474118681452e-05
9.493685075403328897e-05
1.499884900862928790e-04
2.330647088872588740e-04
3.563513035144502575e-04
5.363479516242472371e-04
7.949871282377575813e-04
1.160895809900301884e-03
1.670769047369144531e-03
2.370805930208253875e-03
3.318138704091149523e-03
4.582166441204257520e-03
6.245687661015258789e-03
8.405713799147267878e-03
1.117383955277316369e-02
1.467604875291504858e-02
1.905184687030259463e-02
2.445263415010799288e-02
3.103926637688509543e-02
3.897879208451389410e-02
4.844040336563380095e-02
5.959068918291260397e-02
7.258833152306599923e-02
8.757843186498767696e-02
1.046866943410189182e-01
1.240137191978489678e-01
1.456296730492185054e-01
1.695695993572049753e-01
1.958296132103242160e-01
2.243641896862161589e-01
2.550847069932409839e-01
2.878593472885014881e-01
3.225143934140737301e-01
3.588368930243768795e-01
3.965785969868891869e-01
4.354610205202426587e-01
4.751814266879241244e-01
5.154194951701587257e-01
5.558444163035386465e-01
5.961221418030131503e-01
6.359225289769945277e-01
6.749261333545893971e-01
7.128304335011917958e-01
7.493553089429821901e-01
7.842476348123545993e-01
8.172849022629092852e-01
8.482778192153155317e-01
8.770718892076644346e-01
9.035480050706283794e-01
9.276221273470209860e-01
9.492441438579838353e-01
9.683960261158405247e-01
9.850894103864201723e-01
9.993627364920727452e-01
1.011278076609196441e+00
1.020917780258958407e+00
1.028381051456406681e+00
1.033780560660374492e+00
1.037239178823964991e+00
1.038886904476064466e+00
1.038858038243711146e+00
1.037288643285540601e+00
1.034314315322679700e+00
1.030068272743092317e+00
1.024679765885891491e+00
1.018272795216889959e+00
1.010965120703700038e+00
1.002867539213447179e+00
9.940834030433516322e-01
9.847083505600354725e-01
9.748302191439895958e-01
9.645291109752832659e-01
9.538775834207375848e-01
9.429409376687146738e-01
9.317775816025488655e-01
9.204394455288383847e-01
9.089724321313455979e-01
8.974168847812187266e-01
8.858080610033997049e-01
8.741766004055423478e-01
8.625489786702417172e-01
8.509479412635501117e-01
8.393929123085964727e-01
8.279003756108345158e-01
8.164842261096015852e-01
8.051560910844451913e-01
7.939256212844471028e-01
7.828007527972803414e-01
7.717879409564204485e-01
7.608923679236830884e-01
7.501181258036154764e-01
7.394683772675774147e-01
7.289454957084592346e-01
7.185511869291848486e-01
7.082865943046058321e-01
6.981523892599507120e-01
6.881488487902658324e-01
6.782759216131868385e-01
6.685332844086188109e-01
6.589203894590307531e-01
6.494365048671879581e-01
6.400807483970251122e-01
6.308521158601271273e-01
6.217495048562496907e-01
6.127717345719314590e-01
6.039175622470016602e-01
5.951856968343011145e-01
5.865748103029821969e-01
5.780835469697037654e-01
5.697105311842648456e-01
5.614543736460156920e-01
5.533136765840033222e-01
5.452870379965032432e-01
5.373730551137479994e-01
5.295703272204951295e-01
5.218774579521245904e-01
5.142930571585425659e-01
5.068157424138741707e-01
4.994441402362853055e-01
4.921768870708791987e-01
4.850126300791198219e-01
4.779500277704238909e-01
4.709877505050170665e-01
4.641244808918318920e-01
4.573589141008089221e-01
4.506897581053483370e-01
4.441157338677051425e-01
4.376355754777275786e-01
4.312480302533409637e-01
4.249518588096045102e-01
4.187458351018762959e-01
4.126287464475400513e-01
4.065993935299435647e-01
4.006565903874667045e-01
3.947991643901210823e-01
3.890259562056120890e-01
3.833358197564483705e-01
3.777276221693933733e-01
3.722002437183196122e-01
3.667525777613342419e-01
3.613835306729139552e-01
3.560920217716398439e-01
3.508769832440493674e-01
3.457373600650321399e-01
3.406721099151366339e-01
3.356802030951000493e-01
3.307606224378825122e-01
3.259123632184391939e-01
3.211344330614488984e-01
3.164258518471827486e-01
3.117856516156943814e-01
3.072128764694710967e-01
3.027065824747102174e-01
2.982658375613298496e-01
2.938897214218517129e-01
2.895773254092546822e-01
2.853277524339239424e-01
2.811401168597742473e-01
2.770135443996545876e-01
2.729471720101153132e-01
2.689401477856251388e-01
2.649916308523191377e-01
2.611007912613420023e-01
2.572668098818705062e-01
2.534888782938740648e-01
2.497661986806835321e-01
2.460979837214218313e-01
2.424834564833608930e-01
2.389218503142569727e-01
2.354124087347130301e-01
2.319543853306171854e-01
2.285470436457107957e-01
2.251896570743099346e-01
2.218815087542333475e-01
2.186218914599671603e-01
2.154101074960906581e-01
2.122454685909900274e-01
2.091272957908840990e-01
2.060549193541636182e-01
2.030276786460621929e-01
2.000449220336396605e-01
1.971060067810822269e-01
1.942102989452735295e-01
1.913571732716216889e-01
1.885460130900639963e-01
1.857762102112024694e-01
1.830471648224633319e-01
1.803582853841806111e-01
1.777089885254637402e-01
1.750986989396986493e-01
1.725268492794889419e-01
1.699928800508351545e-01
1.674962395063033793e-01
1.650363835369265397e-01
1.626127755625359772e-01
1.602248864202221179e-01
1.578721942505750542e-01
1.555541843813727787e-01
1.532703492083566377e-01
1.510201880727479185e-01
1.488032071351828578e-01
1.466189192457472978e-01
1.444668438098727914e-01
1.423465066498821319e-01
1.402574398620848040e-01
1.381991816693987352e-01
1.361712762696128398e-01
1.341732736795390457e-01
1.322047295754663343e-01
1.302652051305101533e-01
1.283542668496460426e-01
1.264714864034208464e-01
1.246164404615594662e-01
1.227887105278920588e-01
1.209878827782504412e-01
1.192135479031750794e-01
1.174653009574692375e-01
1.157427412187752025e-01
1.140454720574848452e-01
1.123731008203552595e-01
1.107252387302271324e-01
1.091015008042041656e-01
1.075015057925448186e-01
1.059248761403386863e-01
1.043712379737965212e-01
1.028402211126478588e-01
1.013314591097639328e-01
9.984458931864642617e-02
9.837925298891736503e-02
9.693509538937690462e-02
9.551176595759831855e-02
9.410891847441457680e-02
9.272621126103362810e-02
9.136330739592132821e-02
9.001987494802782264e-02
8.869558722243027493e-02
8.739012301402784844e-02
8.610316686459076885e-02
8.483440931821918662e-02
8.358354717015217816e-02
8.235028370386082708e-02
8.113432891148451842e-02
7.993539969291531266e-02
7.875322002919467324e-02
7.758752112636152498e-02
7.643804152644770311e-02
7.530452718295846393e-02
7.418673149887285156e-02
7.308441532592920009e-02
7.199734692470685649e-02
7.092530188576115502e-02
6.986806301277607989e-02
6.882542016936883666e-02
6.779717009178706788e-02
6.678311617026495839e-02
6.578306820225478246e-02
6.479684212109326769e-02
6.382425970392480163e-02
6.286514826285825863e-02
6.191934032340035837e-02
6.098667329418885202e-02
6.006698913194159772e-02
5.916013400537260825e-02
5.826595796158327151e-02
5.738431459816496077e-02
5.651506074391948048e-02
5.565805615076763885e-02
5.481316319904660367e-02
5.398024661803495217e-02
5.315917322317616212e-02
5.234981167112300049e-02
5.155203223338224172e-02
5.076570658903362815e-02
4.999070763670056261e-02
4.922690932569999400e-02
4.847418650606413748e-02
4.773241479693113992e-02
4.700147047263922989e-02
4.628123036571497179e-02
4.557157178584757273e-02
4.487237245385113787e-02
4.418351044956574797e-02
4.350486417261180405e-02
4.283631231489559016e-02
4.217773384376766188e-02
4.152900799474993493e-02
4.089001427277801082e-02
4.026063246094131048e-02
3.964074263575117357e-02
3.903022518802005264e-02
3.842896084848828470e-02
3.783683071739821907e-02
