# bin_3
0.000000000000000000e+00
3.323378535412161107e-46
1.091512783622198693e-43
1.720710101031090856e-41
1.824922915488020331e-39
1.451647923729756706e-37
9.114119653585777140e-36
4.651406597968018378e-34
1.967573177318171074e-32
6.997548518458021252e-31
2.115981580153415652e-29
5.491610196835995639e-28
1.233231449012152803e-26
2.413829342872428339e-25
4.145405653340730966e-24
6.284759065977165689e-23
8.459668209506721714e-22
1.016454101136185024e-20
1.095673088504416461e-19
1.064627381555277567e-18
9.366739117656458372e-18
7.493747389496735600e-17
5.473660210619336713e-16
3.664229520841435400e-15
2.256250283168724685e-14
1.282291945516709349e-13
6.748443782707760257e-13
3.299066264636191772e-12
1.502583705330716304e-11
6.394050262879996063e-11
2.549037906911883429e-10
9.544640692296350789e-10
3.365086416134692722e-09
1.119720243925039763e-08
3.524345823362352587e-08
1.051575220229164177e-07
2.980524053330444489e-07
8.040732281605649779e-07
2.068588439256901782e-06
5.084162608550005866e-06
1.195889932541984031e-05
2.696614972441220223e-05
5.838531643184488302e-05
1.215680050840048441e-04
2.437890922862163273e-04
4.715336266351209627e-04
8.808775856757323748e-04
1.591483725513570535e-03
2.784397248780309374e-03
4.723256995752833816e-03
7.777747941278186257e-03
1.244718296956022138e-02
1.938115586611859759e-02
2.939344712547392949e-02
4.346500591148844128e-02
6.273206723515643846e-02
8.845640845579999523e-02
1.219763986616355100e-01
1.646397014566748640e-01
2.177209764001865888e-01
2.823303154225438316e-01
3.593200510795374614e-01
4.491986377211380499e-01
5.520603094528749866e-01
6.675381022856563540e-01
7.947857145808477908e-01
9.324908502414552824e-01
1.078919529690077983e+00
1.231987788420439989e+00
1.389354602084809542e+00
1.548528078297882971e+00
1.706976106320275965e+00
1.862232783067653719e+00
2.011992935849874709e+00
2.154188740336297592e+00
2.287044531971501371e+00
2.409108161965988870e+00
2.519259408565032388e+00
2.616697821525713952e+00
2.700913814636936472e+00
2.771647753513185375e+00
2.828842197888819410e+00
2.872592381206581891e+00
2.903099512920489733e+00
2.920630661597882760e+00
2.925487923576848281e+00
2.917988410918682884e+00
2.898455409242012504e+00
2.867219957515181328e+00
2.824631170699399174e+00
2.771072926151479709e+00
2.706984107146389817e+00
2.632879457892130404e+00
2.549368244430681330e+00
2.457168301318137793e+00
2.357113621466506714e+00
2.250154348585867492e+00
2.137348784279267999e+00
2.019847752189581236e+00
1.898872305261056104e+00
1.775686268954122404e+00
1.651565450910654320e+00
1.527765503280086756e+00
1.405490403397354315e+00
1.285863343216226973e+00
1.169901520909902182e+00
1.058495949176406770e+00
9.523969757426922200e-01
8.522057916273763079e-01
7.583718153643552728e-01
6.711955120477610670e-01
5.908359511356949811e-01
5.173222338923929575e-01
4.505678295968798541e-01
3.903868421856739879e-01
3.365112742149360403e-01
2.886084486269296367e-01
2.462978755651020202e-01
2.091669967195300406e-01
1.767853903485395728e-01
1.487171654923125919e-01
1.245314059133695583e-01
1.038106375999794107e-01
8.615738536509504053e-02
7.119895339378151666e-02
5.859061243067542613e-02
4.801740474535706044e-02
3.919478990638271265e-02
3.186835293291917504e-02
2.581278482047665024e-02
2.083032680894253419e-02
1.674884678536981211e-02
1.341969116400319045e-02
1.071543026725995697e-02
8.527590991371491666e-03
6.764448308271678312e-03
5.348927499131832936e-03
4.216652207271470373e-03
3.314159482715527821e-03
2.597291844622391394e-03
2.029767776812716612e-03
1.581925695643050410e-03
1.229631959105992019e-03
9.533405898360209577e-04
7.372907482357909633e-04
5.688273300884423046e-04
4.378301266802076658e-04
3.362375640415919968e-04
2.576519588262946915e-04
1.970143544027444505e-04
1.503382263778366384e-04
1.144925936985095584e-04
8.702628411549930541e-05
6.602624399199309431e-05
5.000382951994551976e-05
3.780395771499772413e-05
2.853282754651766459e-05
2.150064637536896735e-05
1.617642046141096369e-05
1.215239891498118008e-05
9.116207543925053156e-06
6.829082417521162044e-06
5.108922282827133235e-06
3.817133337248308096e-06
2.848447631644981922e-06
2.123065027433752792e-06
1.580604730904505997e-06
1.175461666290782679e-06
8.732501838917833818e-07
6.480869322486974659e-07
4.805195819414517955e-07
3.559513121769774252e-07
2.634448924870061388e-07
1.948167127054501238e-07
1.439517757496816989e-07
1.062867099712391924e-07
7.842027382286247277e-08
5.782040583332833566e-08
4.260424371942128969e-08
3.137319186010939930e-08
2.308944421055686127e-08
1.698367342428123195e-08
1.248611286018821371e-08
9.175169795881354206e-09
6.739157548298492546e-09
4.947830840747897712e-09
3.631236872739267617e-09
2.664018725248778783e-09
1.953777354357529804e-09
1.432451159580893793e-09
1.049936622227913200e-09
7.693715529907744673e-10
5.636505489139944519e-10
4.128527969674831232e-10
3.023447738254649839e-10
2.213817565784424600e-10
1.620776966252793819e-10
1.186469105152438615e-10
8.684619728361439350e-11
6.356463848684240998e-11
4.652214518932566282e-11
3.404803149810963939e-11
2.491844489588822754e-11
1.823705993835605056e-11
1.334755679846953441e-11
9.769440343051717410e-12
7.150991142495665884e-12
5.234786059090472083e-12
3.832437481692587001e-12
2.806091189777396339e-12
2.054877666833885277e-12
1.504992745311246255e-12
1.102436693864488992e-12
8.077001031623622100e-13
5.918751139334600820e-13
4.338100009872339990e-13
3.180273672511116772e-13
2.332011253599786114e-13
1.710423327990915657e-13
1.254841463521178820e-13
9.208559609603047363e-14
6.759542643679392435e-14
4.963302199837647148e-14
3.645497636602139309e-14
2.678430512666841011e-14
1.968548154658602799e-14
1.447299152752199842e-14
1.064440926915045111e-14
7.831412107653775813e-15
5.763920691883324814e-15
4.243843421556482643e-15
3.125849503009997975e-15
2.303286406858627939e-15
1.697863196467050107e-15
1.252091053426144206e-15
9.237428580668671402e-16
6.817915802259246284e-16
5.034320142297016920e-16
3.718963225460247681e-16
2.748513691244023286e-16
2.032225559756024601e-16
1.503304044401261332e-16
1.112565261323342387e-16
8.237789189511172965e-17
6.102461300322352851e-17
4.522839403564574799e-17
3.353756949026381212e-17
2.488105112892526039e-17
1.846821578601629636e-17
1.371521184271839601e-17
1.019069198594392393e-17
7.575835701460334678e-18
5.634886974402217194e-18
4.193432587042514662e-18
3.122380714852960075e-18
2.326138955112386338e-18
1.733887328731591978e-18
1.293133198186417453e-18
9.649493326283054821e-19
7.204539890210510382e-19
5.382078847938444573e-19
4.022883397400665976e-19
3.008637608814051456e-19
2.251379830774771423e-19
1.685681324498250318e-19
1.262848634234047758e-19
9.466239715767761715e-20
7.099949834740542519e-20
5.328264865360096431e-20
4.001015063930446160e-20
3.006142002922668978e-20
2.259980773168420681e-20
1.700031327224865759e-20
1.279578603245097801e-20
9.636865005155101095e-21
7.262132996382677405e-21
5.475869051228181110e-21
4.131455889314028249e-21
3.118998291568160760e-21
2.356078774595304376e-21
1.780851871884603663e-21
1.346882591217771655e-21
1.019286405093416214e-21
7.718409878984782496e-22
5.848238674716129783e-22
4.433926437020527476e-22
3.363709569356646820e-22
2.553380560870597067e-22
1.939456584746963917e-22
1.474050671505405600e-22
1.121018939827233657e-22
8.530647496855047146e-23
6.495608588355863869e-23
4.949106187912585373e-23
3.773140820802948367e-23
2.878384398116673184e-23
2.197173231990858909e-23
1.678223146291055395e-23
1.282641125749904279e-23
9.809136684108386134e-24
7.506313276278441902e-24
5.747684765184335247e-24
4.403820544200118864e-24
3.376266687555149844e-24
2.590087020446884145e-24
1.988210913240951183e-24
1.527147638164152071e-24
1.173734964464523414e-24
9.026709412179789472e-25
6.946391044183831561e-25
5.348835877154405074e-25
4.121255272419866967e-25
3.177385222829519867e-25
2.451208454608390146e-25
1.892171696825933025e-25
1.461539850843603840e-25
1.129615149631721744e-25
8.736148179760200496e-26
6.760503337692355821e-26
5.234890009034828945e-26
4.056070859104986351e-26
3.144654426691656817e-26
2.439550151211926933e-26
1.893721251090872774e-26
1.470929735432492925e-26
1.143240294686615998e-26
8.891049991346201252e-27
6.918927820205884081e-27
5.387597422399470085e-27
4.197807573626528736e-27
3.272815650742351317e-27
2.553247283001655499e-27
1.993137945743951856e-27
1.556882912249536115e-27
1.216885719170441162e-27
9.517440959432359574e-28
7.448496847035506638e-28
5.833065233731348631e-28
4.570952326448784840e-28
3.584267041972144906e-28
2.812420294787724192e-28
2.208253506921488731e-28
1.735039578995515002e-28
1.364158339618884471e-28
1.073293723372442413e-28
8.450347575298575456e-29
6.657892725333398433e-29
5.249399383240561888e-29
4.141881856099632619e-29
3.270438867113653435e-29
2.584281812421252470e-29
2.043641806547788815e-29
1.617359672885573500e-29
1.281006987619600410e-29
1.015420305697097741e-29
8.055570452293250891e-30
6.396019241557951678e-30
5.082686739698711017e-30
4.042540371102497239e-30
3.218105884006654504e-30
2.564123257548077261e-30
2.044927299296748043e-30
1.632394677297610125e-30
1.304333943958749148e-30
1.043222209750446016e-30
8.352132332059736939e-31
6.693581442418529790e-31
5.369928453989607816e-31
4.312561437138857283e-31
3.467104786295307330e-31
2.790432136193157520e-31
2.248312281446677480e-31
1.813552755759854480e-31
1.464534901728125760e-31
1.184057100183825610e-31
9.584207155959568373e-32
7.767073320056257161e-32
6.302068455896117725e-32
5.119646033740851012e-32
4.164225469131831044e-32
3.391346365643096157e-32
2.765410103752512544e-32
2.257886171948719396e-32
1.845886486923211277e-32
1.511031300730616515e-32
1.238546323738813717e-32
1.016543327703525690e-32
8.354464586695514791e-33
6.875343537592084654e-33
5.665743661423765404e-33
4.675301096607213190e-33
3.863274146508687976e-33
3.196668565013246744e-33
2.648734491658544086e-33
2.197760217007033520e-33
1.826103228249901449e-33
1.519411100211814154e-33
1.265994416536060132e-33
1.056321549626557050e-33
8.826112063408688650e-34
7.385034837791702673e-34
