# bin_2
0.000000000000000000e+00
1.040838035353275767e-19
3.726184852544249771e-18
6.901302437270841725e-17
9.240437071974496030e-16
9.943002472873875890e-15
9.023424729541529168e-14
7.094150958280132217e-13
4.914591757815242983e-12
3.035973358529064822e-11
1.687476817185860261e-10
8.500568740817283927e-10
3.904612647367370976e-09
1.644159660896224026e-08
6.377105036344909757e-08
2.288301471237903932e-07
7.627195524174156189e-07
2.370332707121722601e-06
6.892430476546047708e-06
1.881424354760952565e-05
4.836162855199371060e-05
1.174050515536845035e-04
2.699269359792965403e-04
5.892734211484503904e-04
1.224552133711461453e-03
2.428017997177580288e-03
4.603787582341404075e-03
8.365581425456828160e-03
1.459758545171311629e-02
2.450855690322336494e-02
3.966599611176428036e-02
6.199578603927598935e-02
9.373423726580507043e-02
1.373244801765093892e-01
1.952572680339983713e-01
2.698662082545734697e-01
3.630972276067408466e-01
4.762794711131133618e-01
6.099279649406635917e-01
7.636062501149663007e-01
9.358699869472338895e-01
1.124301533438378797e+00
1.325632798155409908e+00
1.535941615997369114e+00
1.750897582256493390e+00
1.966028105336072862e+00
2.176974901921855832e+00
2.379714883880417187e+00
2.570726325423862146e+00
2.747089936075748362e+00
2.906523528133683421e+00
3.047357080366260185e+00
3.168461235369256723e+00
3.269146103424920735e+00
3.349048541244538768e+00
3.408025007532746731e+00
3.446064082082473945e+00
3.463228338813896912e+00
3.459630135340493684e+00
3.435440687815278782e+00
3.390927159400838331e+00
3.326508917931561005e+00
3.242821970107818252e+00
3.140780018052451439e+00
3.021621562255589311e+00
2.886934750600864685e+00
2.738654851121559819e+00
2.579032822471150066e+00
2.410576973063377704e+00
2.235972697980092239e+00
2.057987437890095528e+00
1.879369140874851185e+00
1.702746605973163296e+00
1.530539263432272756e+00
1.364882419158949700e+00
1.207572033264208589e+00
1.060030997858651514e+00
9.232968805650237920e-01
7.980294034401622660e-01
6.845346566853047765e-01
5.828022546198580178e-01
4.925513160764854459e-01
4.132812323581110392e-01
3.443235824884905982e-01
2.848921641960746043e-01
2.341288284581357626e-01
1.911435469364254902e-01
1.550478360148996315e-01
1.249812609172719219e-01
1.001312220481047344e-01
7.974657483532943125e-02
6.314585946039297237e-02
4.972103292892950804e-02
3.893762325777671424e-02
3.033218626494258927e-02
2.350786090127146219e-02
1.812870810394939108e-02
1.391339618805021404e-02
1.062867448352257035e-02
8.082964342436708971e-03
6.120297711552943540e-03
4.614750562052864248e-03
3.465452041391305690e-03
2.592199378943700096e-03
1.931671631537280409e-03
1.434210175269623249e-03
1.061118201405890447e-03
7.824232161755596306e-04
5.750437581679203889e-04
4.213026000792200105e-04
3.077322660008477732e-04
2.241237364105446675e-04
1.627749582660687876e-04
1.179016779408219512e-04
8.517880220247173065e-05
6.138574015617782561e-05
4.413386563127159748e-05
3.165831877697082439e-05
2.265984253676041918e-05
1.618526122540443125e-05
1.153760978115342063e-05
8.208876652073679044e-06
5.829895249139255495e-06
4.133169995028870463e-06
2.925409245675606981e-06
2.067308090205892964e-06
1.458721555119032539e-06
1.027828585213297258e-06
7.232386711041201548e-07
5.082599807726201036e-07
3.567494609723591098e-07
2.501167805899890848e-07
1.751671107811953508e-07
1.225518502236515684e-07
8.565866524229348540e-08
5.981810543439651629e-08
4.173774501243326678e-08
2.909943931721770898e-08
2.027324212289816099e-08
1.411457128405627401e-08
9.820652898613176375e-09
6.829090358832135116e-09
4.746311051312208558e-09
3.297165707942467446e-09
2.289477595914191303e-09
1.589140491605499734e-09
1.102648584080638500e-09
7.648548130355657227e-10
5.304024416509746038e-10
3.677339435233238159e-10
2.549060690653668889e-10
1.766692446795301645e-10
1.224310683650171041e-10
8.483740247739668008e-11
5.878449587977542457e-11
4.073166661858870354e-11
2.822339919395254537e-11
1.955724180136754827e-11
1.355314329312399939e-11
9.393321538051585160e-12
6.511143925443780688e-12
4.514048199087114012e-12
3.130093850602313749e-12
2.170910535618307483e-12
1.506019793661752350e-12
1.045042792093119625e-12
7.253744260748959602e-13
5.036455408285367464e-13
3.498096964403379719e-13
2.430479729640883904e-13
1.689329612627814915e-13
1.174647771603717146e-13
8.171093172003559574e-14
5.686434037112632584e-14
3.959086852843965030e-14
2.757736848035840925e-14
1.921855485330771486e-14
1.340003246958395839e-14
9.347921656930060566e-15
6.524616865216603532e-15
4.556507914944756801e-15
3.183850166320347485e-15
2.225986351843018468e-15
1.557211347612467178e-15
1.090017362890781766e-15
7.634585807988503930e-16
5.350680058055860379e-16
3.752398655370314423e-16
2.633239236067590222e-16
1.849088601105213497e-16
1.299318782475392422e-16
9.136264713446765337e-17
6.428665193630148533e-17
4.526642306150614209e-17
3.189618152540031078e-17
2.249117382437548967e-17
1.587084627219606343e-17
1.120743088487141278e-17
7.920150371729575089e-18
5.601255465578947802e-18
3.964286424527491085e-18
2.807859242995205360e-18
1.990302809663246544e-18
1.411884694156680488e-18
1.002347190406904895e-18
7.121615290195885288e-19
5.063870962751523769e-19
3.603568986186059904e-19
2.566441313466390268e-19
1.829280148536171280e-19
1.304912810517094731e-19
9.316162754939940592e-20
6.656543237576762558e-20
4.760124319349893067e-20
3.406805383819755902e-20
2.440267333825326057e-20
1.749403609760072002e-20
1.255181588502661989e-20
9.013393973727035445e-21
6.477935929519329199e-21
4.659642699013590579e-21
3.354573887796723096e-21
2.417084983408514602e-21
1.743079753168244124e-21
1.258097440432336515e-21
9.088324402491746661e-22
6.570927279857460517e-22
4.754923315223503260e-22
3.443777218547231036e-22
2.496329205595120898e-22
1.811108595218972567e-22
1.315114130942624082e-22
9.557826824788992004e-23
6.952356317521048550e-23
5.061536588633233705e-23
3.688166568951368896e-23
2.689779682829229040e-23
1.963365381016573756e-23
1.434379092466453059e-23
1.048830424374678206e-23
7.675827308823836885e-24
5.622425849939176034e-24
4.121932692256986922e-24
3.024521184786530658e-24
2.221216353098401666e-24
1.632689030687146481e-24
1.201141906328648377e-24
8.844294828103384839e-25
6.517933655263990030e-25
4.807665497968901284e-25
3.549243989809065216e-25
2.622493761567830828e-25
1.939410443029889151e-25
1.435493689199649465e-25
1.063429597700659967e-25
7.884818082077557248e-26
5.851263342282142237e-26
4.345924456107327536e-26
3.230641503631965638e-26
2.403637172778539904e-26
1.789872366188193004e-26
1.333974901578708637e-26
9.950504807167640725e-27
7.428717169146110198e-27
5.550769120321185845e-27
4.151093238755337752e-27
3.106999151957128709e-27
2.327493203052397579e-27
1.745033020115069121e-27
1.309441504024787254e-27
9.834109680588643880e-28
7.391791994779930856e-28
5.560699253937450610e-28
4.186713846346503275e-28
3.154863392376153119e-28
2.379306770234772617e-28
1.795899804769094156e-28
1.356671538600005248e-28
1.025716701785166326e-28
7.761387820594190442e-29
5.877731150821810974e-29
4.454895740925304178e-29
3.379262857578452609e-29
2.565441445513111723e-29
1.949202806693924728e-29
1.482196617627012601e-29
1.127995963388234860e-29
8.591347221096715942e-30
6.548865151270900732e-30
4.995982616288812823e-30
3.814388457366350941e-30
2.914587374554341366e-30
2.228827303148145390e-30
1.705775819979987542e-30
1.306509858411382147e-30
1.001492342074097630e-30
7.682910515336206202e-31
5.898561444174870674e-31
4.532184869230852159e-31
3.485052154048693845e-31
2.681946308360713400e-31
2.065517984729455018e-31
1.592006933501825930e-31
1.227996040581690821e-31
9.479468295577889303e-32
7.323268394310879802e-32
5.661856318478905420e-32
4.380711128726533136e-32
3.392042042366879531e-32
2.628497910381628106e-32
2.038369012723190364e-32
1.581924351937844197e-32
1.228613600877544124e-32
9.549279637125409187e-33
7.427635452115776011e-33
5.781682385087567594e-33
4.503815379989733359e-33
3.510982518075787581e-33
2.739034818919222590e-33
2.138387099025111437e-33
1.670683195894267107e-33
1.306231180767016678e-33
1.022029314312792328e-33
8.002455609512997820e-34
6.270455913601801077e-34
4.916887397360710320e-34
3.858301439788929942e-34
3.029816530751349831e-34
2.380950790719894048e-34
1.872397950966720285e-34
1.473531409554026577e-34
1.160470554186287858e-34
9.145816157081606125e-35
7.213145758485689063e-35
5.693001558539640800e-35
4.496482316160347426e-35
3.554023595680701269e-35
2.811153780787480533e-35
2.225189781042856761e-35
1.762662566340096944e-35
1.397309931504579139e-35
1.108510426109264668e-35
8.800606408352105808e-36
6.992199117415342111e-36
5.559634427634464625e-36
4.423979755657475965e-36
3.523043186223317315e-36
2.807789506085172851e-36
2.239530514027191675e-36
1.787720846435491573e-36
1.428227660963528043e-36
1.141971396931792406e-36
9.138573196761311872e-37
7.319350819172047806e-37
5.867372027433114235e-37
4.707580305629818684e-37
3.780430852373491257e-37
3.038651829143537916e-37
2.444688361769673996e-37
1.968684041032383783e-37
1.586885846170533864e-37
1.280382842461909496e-37
1.034108155067192215e-37
8.360487454852193216e-38
6.766193111897372811e-38
5.481658936676553983e-38
4.445720623531962282e-38
3.609462696850739589e-38
2.933734804117727951e-38
2.387177283697031958e-38
1.944650515202740483e-38
1.585984619616382824e-38
1.294983481293549886e-38
1.058630805254293256e-38
8.664567785900660626e-39
7.100324857990121012e-39
5.825660151091000097e-39
4.785795646275602780e-39
3.936511112688421192e-39
3.242075764858017608e-39
2.673590957977045974e-39
2.207661198556007390e-39
1.825327584393992547e-39
1.511211162622349356e-39
1.252824326087612382e-39
1.040016824578251966e-39
8.645296977165374765e-40
7.196357964555891998e-40
5.998498317665628175e-40
5.006942955513827388e-40
4.185103171251097601e-40
3.503046892561278335e-40
2.936260322593779311e-40
2.464644516046875754e-40
2.071701543458989343e-40
1.743873784062071027e-40
1.470007009416957134e-40
1.240913631401592749e-40
1.049017071772559811e-40
8.880618919403625612e-41
7.528772806767740746e-41
