# bin_4
0.000000000000000000e+00
1.261522477722965974e-93
1.188312415169917393e-89
4.815467996794952947e-86
1.181846956526221043e-82
1.966717434421187714e-79
2.344608531971240425e-76
2.070025465179521524e-73
1.385129082525799467e-70
7.149945656700101321e-68
2.888836539547087770e-65
9.250878449757592870e-63
2.374195694022211817e-60
4.933133977243961290e-58
8.376581544888416777e-56
1.172575934283907560e-53
1.364291309939928949e-51
1.329608829368472685e-49
1.093369770951394104e-47
7.639149101634584967e-46
4.564690082560098041e-44
2.347338748798769192e-42
1.044994374424186384e-40
4.050194636832347708e-39
1.374023303310785473e-37
4.101010234689633930e-36
1.082143787244646207e-34
2.536284667761486744e-33
5.303467798686941757e-32
9.936067595173348791e-31
1.674650438592452792e-29
2.549026375814736916e-28
3.517044333125536251e-27
4.414471620931905112e-26
5.057732139257309281e-25
5.306719709262860259e-24
5.115028418217233707e-23
4.542805562897455418e-22
3.728241991860990471e-21
2.835222547939338592e-20
2.003201566712101827e-19
1.318324273213067464e-18
8.101064865164596236e-18
4.659131135522018480e-17
2.513575185684316416e-16
1.274812698106974241e-15
6.090821361682026961e-15
2.746966559995725846e-14
1.171707264741496586e-13
4.735675632485923727e-13
1.816856791206262462e-12
6.628046486707446476e-12
2.303028188544662447e-11
7.634108871487075887e-11
2.417877332423431392e-10
7.327813515998882208e-10
2.128154729575048901e-09
5.930933309799708525e-09
1.588236766828256273e-08
4.092050053595693329e-08
1.015644902306370389e-07
2.431315704688149071e-07
5.620109895344745361e-07
1.255858520703084782e-06
2.715821607705384086e-06
5.689615334974077358e-06
1.155918638311434993e-05
2.279615075134405899e-05
4.368165763868199323e-05
8.140297966746687754e-05
1.476633552951197128e-04
2.609587992484758783e-04
4.496782696272051791e-04
7.561630821346260493e-04
1.241809300860761620e-03
1.993206594393324461e-03
3.129176629857430975e-03
4.808407859821682388e-03
7.237193881993387451e-03
1.067659002506365917e-02
1.544813496829220388e-02
2.193717240296003818e-02
3.059278259015625265e-02
4.192341953905872470e-02
5.648755922292317266e-02
7.487899481852479389e-02
9.770684569734668090e-02
1.255708401601427215e-01
1.590329368306944713e-01
1.985868083978071519e-01
2.446270670752414000e-01
2.974203157823804844e-01
3.570801307181217243e-01
4.235479086425574247e-01
4.965811573802200729e-01
5.757503035910271905e-01
6.604444872892517582e-01
7.498861677324578645e-01
8.431537425615646120e-01
9.392108389297003646e-01
1.036940517978840015e+00
1.135182372821856855e+00
1.232770407727316275e+00
1.328569657482227662e+00
1.421509720695367296e+00
1.510613707485833235e+00
1.595021502231298127e+00
1.674006675527967003e+00
1.746986808294072047e+00
1.813527382839694502e+00
1.873339726537056160e+00
1.926273748297593347e+00
1.972306380183196595e+00
2.011526727893107935e+00
2.044118952656984067e+00
2.070343865689296514e+00
2.090520129636868951e+00
2.105005844686828276e+00
2.114181164449048467e+00
2.118432450458534344e+00
2.118138343380220334e+00
2.113658009874772592e+00
2.105321719788050938e+00
2.093423819538688946e+00
2.078218093100264952e+00
2.059915439451498909e+00
2.038683742004485211e+00
2.014649758709498695e+00
1.987902819338265070e+00
1.958500077894003821e+00
1.926473033279620051e+00
1.891835001347908829e+00
1.854589198070585976e+00
1.814737079001142117e+00
1.772286576670018654e+00
1.727259886843592662e+00
1.679700477774212164e+00
1.629679033771383123e+00
1.577298094652834770e+00
1.522695213837478079e+00
1.466044527035131217e+00
1.407556696991964174e+00
1.347477273501249240e+00
1.286083577777016984e+00
1.223680282494803873e+00
1.160593910096239023e+00
1.097166509915525889e+00
1.033748797859726620e+00
9.706930503201124383e-01
9.083460372497015323e-01
8.470422593249490317e-01
7.870977229314349843e-01
7.288044469825567528e-01
6.724258501737493399e-01
6.181931191196126107e-01
5.663026096953469590e-01
5.169142882734137912e-01
4.701511784457556575e-01
4.260997437806457455e-01
3.848111091774558679e-01
3.463030029277967548e-01
3.105622886679971772e-01
2.775479506116859674e-01
2.471943960592575540e-01
2.194149452436822967e-01
1.941053890049451169e-01
1.711475084527086521e-01
1.504124665647922632e-01
1.317639985435535288e-01
1.150613448016393481e-01
1.001618869108320264e-01
8.692346212395414551e-02
7.520634573507828380e-02
6.487490229830060462e-02
5.579891644051481608e-02
4.785462165882914398e-02
4.092545116490538260e-02
3.490253867622566952e-02
2.968499925856745228e-02
2.518002112582896565e-02
2.130279894686955625e-02
1.797633793702716962e-02
1.513115605490116845e-02
1.270490919301780174e-02
1.064196152887292648e-02
8.892920347246226903e-03
7.414151783507426374e-03
6.167291170943811282e-03
5.118759077133280301e-03
4.239291736216571280e-03
3.503492456858251728e-03
2.889408724485520181e-03
2.378138122581889644e-03
1.953464862782100346e-03
1.601527621297545905e-03
1.310518508895247222e-03
1.070412329447305126e-03
8.727247828890859855e-04
7.102979172221684763e-04
5.771109068996189148e-04
4.681141091089340706e-04
3.790843047715646659e-04
3.064990494634966742e-04
2.474281252710115579e-04
1.994401845181219203e-04
1.605227992499872304e-04
1.290142672901342213e-04
1.035456694037374773e-04
8.299181700145367828e-05
6.642987169823740673e-05
5.310455385458036777e-05
4.239898489130693388e-05
3.381032637865539456e-05
2.692948696674368200e-05
2.142426593273536318e-05
1.702538961042091511e-05
1.351497463632048856e-05
1.071702036328436962e-05
8.489592637939259877e-06
6.718413151229650829e-06
5.311613510867619430e-06
4.195451801459109505e-06
3.310822414234197323e-06
2.610418022904694685e-06
2.056426383293551557e-06
1.618664714561188938e-06
1.273071294634164872e-06
1.000488031203247129e-06
7.856795579670913040e-07
6.165442088067104784e-07
4.834803490054666258e-07
3.788782590748240313e-07
2.967133020306305924e-07
2.322206544108819326e-07
1.816356108068222955e-07
1.419865213949677797e-07
1.109299098874707390e-07
8.661934433364701253e-08
6.760127784794243226e-08
5.273240926612554944e-08
4.111419185771903362e-08
3.204098857733705961e-08
2.495907366294525070e-08
1.943424450792487073e-08
1.512626071459178825e-08
1.176869037777577612e-08
9.153034306604843947e-09
7.116231184300259121e-09
5.530832039248605268e-09
4.297280124279493334e-09
3.337849862362184436e-09
2.591891952478852706e-09
2.012105897140548632e-09
1.561620015089102650e-09
1.211705568348185106e-09
9.399884670215211230e-10
7.290511203928983889e-10
5.653399769307778193e-10
4.383124121908447646e-10
3.397708957292081643e-10
2.633436013522430214e-10
2.040794585412284028e-10
1.581325834033172134e-10
1.225164762004058182e-10
9.491264667130632391e-11
7.352167863358721782e-11
5.694736952265405807e-11
4.410663452645297347e-11
3.415947161004652876e-11
2.645453962325437655e-11
2.048688280842942164e-11
1.586510103847722232e-11
1.228586284178416099e-11
9.514124429238523527e-12
7.367781300677869542e-12
5.705762102156619108e-12
4.418794858717361600e-12
3.422247303153833628e-12
2.650576530141971393e-12
2.053027038302381849e-12
1.590296945019019310e-12
1.231954890992340199e-12
9.544388858370033449e-13
7.395061934211852762e-13
5.730327389536162417e-13
4.440833251906503010e-13
3.441916402135791329e-13
2.668027655475584617e-13
2.068415384830388117e-13
1.603783760849311721e-13
1.243705664191408485e-13
9.646199117448303301e-14
7.482808623116960357e-14
5.805582361128437294e-14
4.505080423375746749e-14
3.496533693155108362e-14
2.714276233294187815e-14
2.107435122135475614e-14
1.636593622234276872e-14
1.271207764468327639e-14
9.876061272080917602e-15
7.674410591312837989e-15
5.964893702988659399e-15
4.637235625834895269e-15
3.605925078004498935e-15
2.804642870734814101e-15
2.181945893981881754e-15
1.697923365004270867e-15
1.321606009798643176e-15
1.028958380149491267e-15
8.013228467938355342e-16
6.242134831816103391e-16
4.863810234919088116e-16
3.790878588737135590e-16
2.955458003965061499e-16
2.304799936907907640e-16
1.797906211878569106e-16
1.402904168281545864e-16
1.095009657647193858e-16
8.549459349151109598e-17
6.677161692479665046e-17
5.216502925734320199e-17
4.076647181913894888e-17
3.186872654341335823e-17
2.492103239112490192e-17
1.949435824717200224e-17
1.525440757739810750e-17
1.194062850379021491e-17
9.349889423392228706e-18
7.323780041549995693e-18
5.738730214229091084e-18
4.498319405671929419e-18
3.527289572508852128e-18
2.766882954778898844e-18
2.171210618550901154e-18
1.704423103613174121e-18
1.338505407996743496e-18
1.051558065006718785e-18
8.264567786985721649e-19
6.498069511650182674e-19
5.111279886025046355e-19
4.022166993754524650e-19
3.166503170432729834e-19
2.493984094035700337e-19
1.965197260705572934e-19
1.549253229957422789e-19
1.221934174759240450e-19
9.642463172417705212e-20
7.612877916729911248e-20
6.013629242126894381e-20
4.752890756148174417e-20
3.758540086093147194e-20
2.973909552511172914e-20
2.354457461183552763e-20
1.865159704086684198e-20
1.478465121056614564e-20
1.172692237395780585e-20
9.307716713116836974e-21
7.392593449153217737e-21
5.875619162822970228e-21
4.673285776987678337e-21
3.719733163189413865e-21
2.962995161278062058e-21
2.362048687294390751e-21
1.884493252802044192e-21
1.504725518545479330e-21
1.202502713278939805e-21
9.618116274621258912e-22
7.699778183714494657e-22
6.169637143324199906e-22
4.948153226555967730e-22
3.972258864796474186e-22
3.191916148194289818e-22
2.567399304722627764e-22
2.067148573211258820e-22
1.666074488431729785e-22
1.344217366239362883e-22
1.085687028666187234e-22
8.778237298104948614e-23
7.105337640142938442e-23
5.757630879287800252e-23
4.670800401082800910e-23
3.793443449336519597e-23
3.084443945314276240e-23
2.510885897576541476e-23
2.046395066887256719e-23
1.669820092318677924e-23
1.364182856971378399e-23
1.115842530122680953e-23
9.138292972479232178e-24
7.493129333112684674e-24
6.151786019747052174e-24
5.056879785777064481e-24
4.162083165959487376e-24
3.429956568900147085e-24
2.830212143205659906e-24
2.338322232938779410e-24
1.934403056175506305e-24
1.602318378466913599e-24
1.328959177940410639e-24
1.103664216563273542e-24
