# ee
4.561253880124113008e-02
7.217953195270085387e-02
7.845150041301300614e-02
6.690686459908234962e-02
4.724467723037057559e-02
2.872332669425132698e-02
1.617809588302199231e-02
9.905504480563711092e-03
7.691939304369758632e-03
7.044721151015269182e-03
6.478642732697345238e-03
5.653703495785376669e-03
4.865643563081140099e-03
4.452246218522229806e-03
4.484552585072881792e-03
4.774274995717446221e-03
5.119021521106142253e-03
5.472020179936505982e-03
5.835209059994487732e-03
6.330180753879392427e-03
7.092035752199298514e-03
8.117966356501280650e-03
9.378243377566482936e-03
1.084245048678308260e-02
1.249021893233136921e-02
1.431742499952405080e-02
1.630704175576261003e-02
1.847290713449366295e-02
2.082660638338314912e-02
2.333071227012156745e-02
2.597875174108455962e-02
2.876964592272868160e-02
3.177545616406830808e-02
3.501816342291804579e-02
3.852507045530883384e-02
4.228557656915916951e-02
4.625768670705824454e-02
5.045911026735035859e-02
5.492510125578177471e-02
5.968265069906385223e-02
6.472517772325112051e-02
7.003754134135320442e-02
7.560244634480725590e-02
8.139977475195542267e-02
8.741483841537368848e-02
9.366640531796807667e-02
1.001747362512459966e-01
1.069593491716898104e-01
1.140509045611569350e-01
1.214733456264192740e-01
1.292192894637571587e-01
1.372701788842154436e-01
1.456081995338640023e-01
1.542170227288227335e-01
1.630787927842728968e-01
1.721962880725414480e-01
1.815796739853166863e-01
1.912398587493120694e-01
2.011803222409908887e-01
2.114029433605406627e-01
2.219031971030459294e-01
2.326757003223401399e-01
2.437143270372318926e-01
2.550151797716048163e-01
2.665682116912468369e-01
2.783655205904635999e-01
2.903967690805897006e-01
3.026538482780352646e-01
3.151293921342349647e-01
3.278187810817860814e-01
3.407187246226096589e-01
3.538249645646638908e-01
3.671273000357072047e-01
3.806147873284729255e-01
3.942744592569769613e-01
4.080971400807656413e-01
4.220723734156928697e-01
4.361904457126374313e-01
4.504416434224784993e-01
4.648159144653374875e-01
4.793033383083569743e-01
4.938921702178722950e-01
5.085714082952436099e-01
5.233293078068061988e-01
5.381561765547032694e-01
5.530386471239091550e-01
5.679639189651564113e-01
5.829191915291774828e-01
5.978872072565545315e-01
6.128547181834304025e-01
6.278074295226151458e-01
6.427313419073539258e-01
6.576146844759667154e-01
6.724427150266741871e-01
6.872021770277463304e-01
7.018790711124285320e-01
7.164586550789410202e-01
7.309276723955540067e-01
7.452750950356129556e-01
7.594869236323629202e-01
7.735417304687990381e-01
7.874403728786668610e-01
8.011539947947116103e-01
8.146760252004282554e-01
8.279924647290625161e-01
8.410967423641092511e-01
8.539674303885640416e-01
8.665979577859219685e-01
8.789668968391782800e-01
8.910675551835777197e-01
9.028927550613635722e-01
9.144203406660287303e-01
9.256355845413155592e-01
9.365386159314665893e-01
9.471147073802248517e-01
9.573417030810829065e-01
9.672197322782836171e-01
9.767340675155695706e-01
9.858774096869332704e-01
9.946350313361176365e-01
1.002999633357115394e+00
1.010963916643918825e+00
1.018513153740271182e+00
1.025647473890414885e+00
1.032352149638092520e+00
1.038627310227546952e+00
1.044458228202520544e+00
1.049845032807256828e+00
1.054772996585497280e+00
1.059242239173233902e+00
1.063252841773450141e+00
1.066790019280379198e+00
1.069868699989252825e+00
1.072466670444053749e+00
1.074591430589764585e+00
1.076235623670867669e+00
1.077406749632345395e+00
1.078097451718680100e+00
1.078307801524604370e+00
1.078052727345350847e+00
1.077317444075151398e+00
1.076109451658989302e+00
1.074436250041846286e+00
1.072290482468205131e+00
1.069687077233298478e+00
1.066633534282108497e+00
1.063129925209367554e+00
1.059183749960058263e+00
1.054802508479163015e+00
1.049993554959314901e+00
1.044763660583748033e+00
1.039126879133597248e+00
1.033097264389997383e+00
1.026674013433583221e+00
1.019878608395739628e+00
1.012710246357101385e+00
1.005197837799303162e+00
9.973405798029797431e-01
9.891599544995161031e-01
9.806700156700469684e-01
9.718848170957070653e-01
9.628332692581311747e-01
9.535145692379540794e-01
9.439501991665607550e-01
9.341616411753360660e-01
9.241703773956643220e-01
9.139978899589308314e-01
9.036656609965201259e-01
8.931877442895669317e-01
8.825930503197061405e-01
8.719030612183228390e-01
8.611392591168012256e-01
8.503231261465264978e-01
8.394910011393834637e-01
8.286568349921368259e-01
8.178564521148223854e-01
8.071107173326058648e-01
7.964404954706529871e-01
7.858815080546293075e-01
7.754620482599509090e-01
7.652104092620332088e-01
7.551474558860420405e-01
7.453089096576432926e-01
7.357304921025025202e-01
7.264330680457855571e-01
7.174456734979332007e-01
7.088070013247109724e-01
7.005468303715849387e-01
6.926979108241205774e-01
6.852907643628085577e-01
6.783588840082400706e-01
6.719342771109553247e-01
6.660511795265704471e-01
6.607438271107010097e-01
6.560464557189626955e-01
6.519947868770212818e-01
6.486230564404927845e-01
6.459655002649924427e-01
6.440563542061362723e-01
6.429321241888179550e-01
6.426272538896671271e-01
6.431777142195665986e-01
6.446187332543740212e-01
6.469862819049720937e-01
6.503148454121934208e-01
6.546411375219457485e-01
6.600003863100868395e-01
6.664270770174491876e-01
6.739579233899406496e-01
6.826288963384437025e-01
6.924737382687662368e-01
7.035291629268157765e-01
7.158311412234750204e-01
7.294082157193769733e-01
7.443045285106788533e-01
7.605486221580135542e-01
7.781690392220137475e-01
7.972091789638120485e-01
8.176975839440413507e-01
8.396627967233341039e-01
8.631482165628228120e-01
8.881749576728906748e-01
9.147789909644201689e-01
9.429814306477938279e-01
9.728256759841444890e-01
1.004340269534104602e+00
1.037546325508057254e+00
1.072479814816884813e+00
1.109169280021219839e+00
1.147628406981195504e+00
1.187893166607693951e+00
1.229992101461348186e+00
1.273946325752540965e+00
1.319784382041904403e+00
1.367534812890072171e+00
1.417203875806925861e+00
1.468820113353098700e+00
1.522397211388723415e+00
1.577971140824682816e+00
1.635555587521109189e+00
1.695164237338135482e+00
1.756818204486144452e+00
1.820531174825268383e+00
1.886324262565890031e+00
1.954196296867642735e+00
2.024175820291158612e+00
2.096276518696569724e+00
2.170497221243510300e+00
2.246866470492611789e+00
2.325368626118822224e+00
2.406026738411599197e+00
2.488841959825464301e+00
2.573830299515441400e+00
2.660985481585801615e+00
2.750323515191567925e+00
2.841845552787262807e+00
2.935545318477158272e+00
3.031438821416276408e+00
3.129519785708891444e+00
3.229789363809523195e+00
3.332248708172696361e+00
3.436898971252931201e+00
3.543733877154501943e+00
3.652739721631430569e+00
3.763910228787988199e+00
3.877231694378198590e+00
3.992697842506334194e+00
4.110302397276667463e+00
4.230024226092969464e+00
4.351857053059513980e+00
4.475787173930322105e+00
4.601778599408667958e+00
4.729832481949072687e+00
4.859920260605059106e+00
4.992028231130649196e+00
5.126135260929616244e+00
5.262220217405730871e+00
5.400247111262268085e+00
5.540187381552748924e+00
5.682027324031195370e+00
5.825723521050630183e+00
5.971254840014825760e+00
6.118592719977304917e+00
6.267701171641339997e+00
6.418551634060452038e+00
6.571093261237414218e+00
6.725304920576002488e+00
6.881143194429233390e+00
7.038572093500381932e+00
7.197570485193219625e+00
7.358005811657772455e+00
7.519953508851057400e+00
7.683340445725101553e+00
7.848019207729423741e+00
8.014065230821049823e+00
8.181331100449499516e+00
8.349817969069295742e+00
8.519452705632462042e+00
8.690162179091018402e+00
8.862022132715038580e+00
9.034812405016788617e+00
9.208610275831585312e+00
9.383344457989743148e+00
9.558943664321578382e+00
9.735410891159906654e+00
9.912600567832544840e+00
1.009051569067230680e+01
1.026908497250950880e+01
1.044816284267196949e+01
1.062782658099500210e+01
1.080793061680642531e+01
1.098847794643904940e+01
1.116932299922069483e+01
1.135039448798167605e+01
1.153176969255730988e+01
1.171322875877291025e+01
1.189477468296129459e+01
1.207633617795277914e+01
1.225791624008017777e+01
1.243936929867130736e+01
1.262062406655648417e+01
1.280160925656602444e+01
1.298225358153024267e+01
1.316256003778195627e+01
1.334245733815147972e+01
1.352179991196662812e+01
1.370051647205771772e+01
1.387861001475756773e+01
1.405593496939398968e+01
1.423249433229980454e+01
1.440821681630532147e+01
1.458295685073836090e+01
1.475671743193173846e+01
1.492935298921326925e+01
1.510086651891576537e+01
1.527118673386954661e+01
1.544024234690493280e+01
1.560796207085222953e+01
1.577434890204426132e+01
1.593918298630634212e+01
1.610246731997128222e+01
1.626413061586940501e+01
1.642402730332852556e+01
1.658216037868145776e+01
1.673838427125601669e+01
1.689270197738501267e+01
1.704489364289377562e+01
1.719511083112010752e+01
1.734320797139183767e+01
1.748918773845428021e+01
1.763297723720031840e+01
1.777450325093534644e+01
1.791376684646724016e+01
1.805062052359890146e+01
1.818506534913821326e+01
1.831702810639056267e+01
1.844643557866134742e+01
1.857314026575344457e+01
1.869714323447475479e+01
1.881837126813065808e+01
1.893675115002654863e+01
1.905220966346781353e+01
1.916474787526234280e+01
1.927429256871551999e+01
1.938077052713274284e+01
1.948418281732189428e+01
1.958438193908586555e+01
1.968151752623754902e+01
1.977529351157482296e+01
1.986593381241308975e+01
1.995314236155022769e+01
2.003706879279913267e+01
2.011763988946518822e+01
2.019478243485378854e+01
2.026842321227032073e+01
2.033856328852267126e+01
2.040512944691623076e+01
2.046804847075638989e+01
2.052732142685103867e+01
2.058294938200806001e+01
2.063471055252784581e+01
2.068282885572579133e+01
2.072715679140477718e+01
2.076769542637269339e+01
2.080452011093993292e+01
2.083755762841188997e+01
2.086688332909893617e+01
2.089242399630647284e+01
2.091418069684239356e+01
2.093215449751457413e+01
2.094627218162840876e+01
2.095660909949429040e+01
2.096309203441760616e+01
2.096564776970374311e+01
2.096442593916559360e+01
2.095927904260603469e+01
2.095028243033547710e+01
2.093736288565929016e+01
2.092067004239037331e+01
2.090005575833629337e+01
2.087559217383080323e+01
2.084735078721235269e+01
2.081525452981438207e+01
2.077930061647283111e+01
2.073963482902864541e+01
2.069618009881525467e+01
2.064885935716611343e+01
2.059789266942464891e+01
2.054320296692431569e+01
2.048478746450104637e+01
2.042271766049328008e+01
2.035699076973696009e+01
2.028767829057053618e+01
2.021485172133243680e+01
2.013843399335610940e+01
2.005857088848249603e+01
1.997525962154752577e+01
1.988849740738715610e+01
1.979828146083731966e+01
1.970475756373895848e+01
1.960784864742550937e+01
1.950755192673292271e+01
1.940401318350212989e+01
1.929722963256907775e+01
1.918727277227220540e+01
1.907428838445245489e+01
1.895834796744826534e+01
1.883944873609557646e+01
1.871766218873283094e+01
1.859320839070347375e+01
1.846601027334093814e+01
1.833613933498367032e+01
1.820374135747260880e+01
1.806873927214119746e+01
1.793127886083037481e+01
1.779135733837608058e+01
1.764912048661925681e+01
1.750456552039584679e+01
1.735776393804428963e+01
1.720886152140552383e+01
1.705785548531549978e+01
1.690489161161514531e+01
1.675004139864291020e+01
1.659330206123473062e+01
1.643489366473404800e+01
1.627481342397680919e+01
1.611320712080394557e+01
1.595014625355390692e+01
1.578562803706263118e+01
1.561987231377920082e+01
1.545287518406776961e+01
1.528478109240313465e+01
1.511566019975759545e+01
1.494558266710344441e+01
1.477461865541297925e+01
1.460283832565849949e+01
1.443038612231479334e+01
1.425733220635417098e+01
1.408374673874891414e+01
1.390969988047133477e+01
1.373541035949871691e+01
1.356094833680336009e+01
1.338638397335756913e+01
1.321186171363613049e+01
1.303745171861134544e+01
1.286329843275801110e+01
1.268947201704842165e+01
1.251604263245487658e+01
1.234308043994966830e+01
1.217072988400759748e+01
1.199913540910345944e+01
1.182829289270705253e+01
1.165827249579066915e+01
1.148929294633160936e+01
1.132142440530216909e+01
1.115466275017214670e+01
1.098922670891883513e+01
1.082518644251453210e+01
1.066268639543403474e+01
1.050164816164464199e+01
1.034236475262614618e+01
1.018483204584834922e+01
1.002919448578604289e+01
9.875522233411526685e+00
9.723885449697094785e+00
9.574354295615046695e+00
9.427147499142677134e+00
9.282186654247283286e+00
9.139690488906163424e+00
8.999729164091609945e+00
8.862298557273422972e+00
8.727543112926399616e+00
8.595607275525333435e+00
8.466561206042525711e+00
8.340400781947765907e+00
8.217270447715858239e+00
8.097240364319096884e+00
7.980380692729776015e+00
7.866835877422693635e+00
7.756602400735659764e+00
7.649827731483537896e+00
7.546511376344200883e+00
7.446875692503025945e+00
7.350845903135388326e+00
7.258570081924162309e+00
7.170136875750222849e+00
7.085620074793945733e+00
7.005078612535206695e+00
6.928578850804131051e+00
6.856179723080592758e+00
6.787940162844470215e+00
6.723933960276134769e+00
6.664220048855464817e+00
6.608849933712083846e+00
6.557889976676117172e+00
6.511384254526941362e+00
6.469399129094679957e+00
6.431978677158710411e+00
6.399174403848655324e+00
6.371045242644392204e+00
6.347635270325295842e+00
6.328988563670741030e+00
6.315134342759603392e+00
6.306109256021008136e+00
6.301942523533830887e+00
6.302670793727195964e+00
6.308330715030228575e+00
6.318944079171556538e+00
6.334532677879802343e+00
6.355133159584092084e+00
6.380752459312551750e+00
6.411412368793805605e+00
6.447134679756479692e+00
6.487948612279448746e+00
6.533861101390837867e+00
6.584879082118773930e+00
6.641016917841630729e+00
6.702266686887033309e+00
6.768635324283106769e+00
6.840137193408229344e+00
6.916764372590022525e+00
6.998516368506363605e+00
7.085392687835128989e+00
7.177363123853190530e+00
7.274434611588676880e+00
7.376576944318460782e+00
7.483715345217920145e+00
7.595997887969926587e+00
7.713201228744858362e+00
7.835474225688589200e+00
7.962671740788994867e+00
8.094797987501944903e+00
8.231857179283316839e+00
8.373779246086481720e+00
8.520568401367313527e+00
8.672154575079185079e+00
8.828541980677972134e+00
8.989660548117043959e+00
9.155514490852279863e+00
9.325959455334546178e+00
9.501073938522219819e+00
9.680713586866176001e+00
9.864882613822286928e+00
1.005351094934392364e+01
1.024660280688696368e+01
1.044393954939977576e+01
1.064559967384073680e+01
1.085151311016321962e+01
1.106153550481809766e+01
1.127567107126124313e+01
1.149377545594352767e+01
1.171585287232083061e+01
1.194183325034651943e+01
1.217157223647147291e+01
1.240507404415155968e+01
1.264219431983765674e+01
1.288286299348313335e+01
1.312708427854386883e+01
1.337463953796822835e+01
1.362553298521209477e+01
1.387962026672633620e+01
1.413683131246432367e+01
1.439717033588193829e+01
1.466034441642504405e+01
1.492643205105202320e+01
1.519528888621374207e+01
1.546677056836107766e+01
1.574080702744740634e+01
1.601732819342609559e+01
1.629618971274802064e+01
1.657732151536655607e+01
1.686057924773257355e+01
1.714589283979945122e+01
1.743311793801805365e+01
1.772218447234176608e+01
1.801294808922145307e+01
1.830526443510798984e+01
1.859913772345725036e+01
1.889434931721760691e+01
1.919082922435678995e+01
1.948843348139745402e+01
1.978709248637910534e+01
2.008666235383875076e+01
2.038699919831339713e+01
2.068803341784255068e+01
2.098969541046572829e+01
2.129176700721743032e+01
2.159417860613717011e+01
2.189678632176195094e+01
2.219937198512628029e+01
2.250194027777217087e+01
2.280434731423662242e+01
2.310644920905665245e+01
2.340810207676926069e+01
2.370923631541396759e+01
2.400978232303026871e+01
2.430967049765767385e+01
2.460860838682819463e+01
2.490667495558634315e+01
2.520372631846911560e+01
2.549947002300853072e+01
2.579398503424909350e+01
2.608705318322530431e+01
2.637860486797668003e+01
2.666842191953773167e+01
2.695643473594795125e+01
2.724249943174436694e+01
2.752654640496647076e+01
2.780850605365377959e+01
2.808808592533829795e+01
2.836536498506453086e+01
2.864012506386699641e+01
2.891222227628269081e+01
2.918166130385363033e+01
2.944822397761432242e+01
2.971191497910676915e+01
2.997251613936548509e+01
3.023003213993247584e+01
3.048424481184224533e+01
3.073515883663680270e+01
3.098255604535065899e+01
3.122644111952583046e+01
3.146667017369930974e+01
3.170302503890560430e+01
3.193551039668673752e+01
3.216398236157971269e+01
3.238829704812152244e+01
3.260845913785419725e+01
3.282432474531472621e+01
3.303589773836858967e+01
3.324310444667258935e+01
3.344587038620700525e+01
3.364412107295210319e+01
3.383770773938564957e+01
3.402670446849292318e+01
3.421096249275169043e+01
3.439040732814222423e+01
3.456489020714229810e+01
3.473441092923467011e+01
3.489882072689712800e+01
3.505804511610993046e+01
3.521208389635584979e+01
3.536078830011265950e+01
3.550415812686313188e+01
3.564211889258753274e+01
3.577467039676863436e+01
3.590166387188421027e+01
3.602302483391454047e+01
3.613882736584486821e+01
3.624899698365548772e+01
3.635338491982416542e+01
3.645206525733617298e+01
3.654496351217176908e+01
3.663200520031124086e+01
3.671319012123733927e+01
3.678851807443285793e+01
3.685784029237555615e+01
3.692115657454819910e+01
3.697846672043356619e+01
3.702962196250942384e+01
3.707469638376105081e+01
3.711354121666621353e+01
3.714623054421016946e+01
3.717283844937821158e+01
3.719329044815059859e+01
3.720773490701510156e+01
3.721602305844948688e+01
3.721830326894153984e+01
3.721464962147651079e+01
3.720491334853218746e+01
3.718916853309383441e+01
3.716741497464422395e+01
3.713972675616862062e+01
3.710602939364730446e+01
3.706624840306054125e+01
3.702060643439860854e+01
3.696895472013925854e+01
3.691136734326778424e+01
3.684791838676944309e+01
3.677860683978998679e+01
3.670342845012708466e+01
3.662252672224636996e+01
3.653582231010599912e+01
3.644345871817160543e+01
3.634543088390383048e+01
3.624188231176832886e+01
3.613265937222073632e+01
3.601805413673169198e+01
3.589798725925935230e+01
3.577252796076684405e+01
3.564174546221731532e+01
3.550563470107141484e+01
3.536433918179478297e+01
3.521785384184807555e+01
3.506617361869190574e+01
3.490936773328944298e+01
3.474750540660382825e+01
3.458073014310068061e+01
3.440903688024067009e+01
3.423264340599192934e+01
3.405154465781510709e+01
3.386595842367833598e+01
3.367595392454477121e+01
3.348160038137754668e+01
3.328296701513981048e+01
3.308019733029720300e+01
3.287328626431036582e+01
3.266245160514744583e+01
3.244761400676659235e+01
3.222899125713593804e+01
3.200657829371612451e+01
3.178059290447530572e+01
3.155095574337162034e+01
3.131795888187570753e+01
3.108167154095070828e+01
3.084208865805728195e+01
3.059942802116355409e+01
3.035375885123267636e+01
3.010522465273028558e+01
2.985396893012203279e+01
2.960006090437106607e+01
2.934364407994301160e+01
2.908486196130352042e+01
2.882385805291823999e+01
2.856070157575030422e+01
2.829553603426536768e+01
2.802843064942656426e+01
2.775952892569954500e+01
2.748897436754993961e+01
2.721683624475162944e+01
2.694325830582381087e+01
2.666831006459393549e+01
2.639213531839194360e+01
2.611495214805025356e+01
2.583683006739632049e+01
2.555798715726256987e+01
2.527841864797393967e+01
2.499841690386536897e+01
2.471805143876429867e+01
2.443746605000065131e+01
2.415673025140187846e+01
2.387598784029790977e+01
2.359530833051618259e+01
2.331490980288913306e+01
2.303486177124419498e+01
2.275515946590631344e+01
2.247609525121041685e+01
2.219781292448644550e+01
2.192038199956183320e+01
2.164394627376652380e+01
2.136872382793294278e+01
2.109478417588853105e+01
2.082227111496323246e+01
2.055132844248696955e+01
2.028209995578969327e+01
2.001465516869883032e+01
1.974913787854432456e+01
1.948561759915360625e+01
1.922431241135911151e+01
1.896521754548578187e+01
1.870847679886355408e+01
1.845423396882235778e+01
1.820255856918963389e+01
1.795352011379282331e+01
1.770726239996185569e+01
1.746385494152417195e+01
1.722344153580970527e+01
1.698616598014839596e+01
1.675209778836767782e+01
1.652145504129998699e+01
1.629438153627526020e+01
1.607102107062343777e+01
1.585144315817194993e+01
1.563586587975323994e+01
1.542428446569223688e+01
1.521676842981638522e+01
1.501338728595311700e+01
1.481421054792986958e+01
1.461930772957408031e+01
1.442867495551223556e+01
1.424231192757704889e+01
1.406051637591277803e+01
1.388321461315118377e+01
1.371070436943652737e+01
1.354298624090307079e+01
1.338020939069007298e+01
1.322252298193679820e+01
1.307000189428000425e+01
1.292272100735645246e+01
1.278075520080290595e+01
1.264403078725112550e+01
1.251269692984037185e+01
1.238675422470490517e+01
1.226620326797898564e+01
1.215119322280187575e+01
1.204172468530783746e+01
1.193787253513363034e+01
1.183963736841351455e+01
1.174724263178925376e+01
1.166061463789260699e+01
1.157990254986283674e+01
1.150510696383420495e+01
1.143630275944346764e+01
1.137349053282488853e+01
1.131674516361523430e+01
1.126599296444625686e+01
1.122130881495472110e+01
1.118269331127488897e+01
1.115022133304352181e+01
1.112381919289237864e+01
1.110356177045822434e+01
1.108952394537781494e+01
1.108170631378541415e+01
1.108010947181528039e+01
1.108480829910417853e+01
1.109580339178636876e+01
1.111309534599611126e+01
1.113661047436516682e+01
1.116634937302779385e+01
1.120223835461576023e+01
1.124427801526332082e+01
1.129239466760223998e+01
1.134651462426427848e+01
1.140671276488619590e+01
1.147298968560225418e+01
1.154542026604921467e+01
1.162393081885883639e+01
1.170859622366788244e+01
1.179941707661061301e+01
1.189646905732087312e+01
1.199953391141083436e+01
1.210861703499725195e+01
1.222357525719188232e+01
1.234433969060898484e+01
1.247084144786281001e+01
1.260286307456261845e+01
1.274048425032766119e+01
1.288356180426969644e+01
1.303217541600798235e+01
1.318625619815677119e+01
1.334573526333032056e+01
1.351076657465038267e+01
1.368120696122871927e+01
1.385706181918208379e+01
1.403826226112473030e+01
1.422473939967091816e+01
1.441635006393239848e+01
1.461302536652343242e+01
1.481477070356077164e+01
1.502136862065367495e+01
1.523275023041639642e+01
1.544877236196068715e+01
1.566944041140331656e+01
1.589461120785602510e+01
1.612414158043057810e+01
1.635788835823872844e+01
1.659578265389473017e+01
1.683775558001284622e+01
1.708366396570482237e+01
1.733343892358492155e+01
1.758708584976989897e+01
1.784438728986900813e+01
1.810542292350150362e+01
1.837004957977914543e+01
1.863812408781368646e+01
1.890965184372188901e+01
1.918448967661549531e+01
1.946242013210377308e+01
1.974344860630347398e+01
2.002743192832635444e+01
2.031422692728417090e+01
2.060376471579117563e+01
2.089575355595412987e+01
2.119027312739228464e+01
2.148703169221239762e+01
2.178596036302873173e+01
2.208691596895302922e+01
2.238968105559455424e+01
2.269426101907005844e+01
2.300036399043923652e+01
2.330799471058346484e+01
2.361700922233207223e+01
2.392726356851438752e+01
2.423861379195971466e+01
2.455106450250238836e+01
2.486432317596672448e+01
2.517832013868454055e+01
2.549306000049016063e+01
2.580832452071039995e+01
2.612396974217459444e+01
2.643992599121454745e+01
2.675612359416209429e+01
2.707234431034403954e+01
2.738851846609221852e+01
2.770457638773844522e+01
2.802022555110703550e+01
2.833547056603232406e+01
2.865009319184111902e+01
2.896402375486524505e+01
2.927704401443152094e+01
2.958908429687177843e+01
2.990007492851782800e+01
3.020987195219898069e+01
3.051825712724208373e+01
3.082523506348143272e+01
3.113058752024385711e+01
3.143431910736368806e+01
3.173621158416772658e+01
3.203612099348531217e+01
3.233397766164825526e+01
3.262963763148587759e+01
3.292303122932999315e+01
3.321386593100494622e+01
3.350214634634502886e+01
3.378765423467707762e+01
3.407039420583540590e+01
3.435022230264934961e+01
3.462699456794820918e+01
3.490049276105881404e+01
3.517079577531799828e+01
3.543768537005255581e+01
3.570101758809182257e+01
3.596079703927012616e+01
3.621687976641677409e+01
3.646919609586359456e+01
3.671752778693740282e+01
3.696195373297503295e+01
3.720232997680578535e+01
3.743851256125898885e+01
3.767035669871388137e+01
3.789786284675427908e+01
3.812088206550893688e+01
3.833933969860910196e+01
3.855308680618349371e+01
3.876204873186338773e+01
3.896615081928000279e+01
3.916539269556707836e+01
3.935962542085336935e+01
3.954892290577510749e+01
3.973306192695855543e+01
3.991211639503992359e+01
4.008601165365048047e+01
4.025459876291895256e+01
4.041795163348158582e+01
4.057584704196462866e+01
4.072828461550182055e+01
4.087518969772439448e+01
4.101648763226360472e+01
4.115202947924817778e+01
4.128196343281688030e+01
4.140606626959593228e+01
4.152433761671908741e+01
4.163685138482258452e+01
4.174338435053265783e+01
4.184408470798805979e+01
4.193872923381503171e+01
4.202746612215231181e+01
4.211022071663114730e+01
4.218684407738026465e+01
4.225755868204092991e+01
4.232214130723937018e+01
4.238074014711432369e+01
4.243320626179454536e+01
4.247953927841376753e+01
4.251973882410573680e+01
4.255380452600419972e+01
4.258158744423788988e+01
4.260323577294554553e+01
4.261852628875342219e+01
4.262753290229775871e+01
4.263032952421478683e+01
4.262676721463326146e+01
4.261699416769191373e+01
4.260101001052448311e+01
4.257881437026473037e+01
4.255033259054388139e+01
4.251563858199818924e+01
4.247480625526388565e+01
4.242776095397221070e+01
4.237450147767325603e+01
4.231502331558238694e+01
4.224932112933132800e+01
4.217738958055181087e+01
4.209922333087553881e+01
4.201496560893923515e+01
4.192475964337962324e+01
4.182874866283340509e+01
4.172707589593732536e+01
4.161995885483057123e+01
4.150739220114488859e+01
4.138959344701947884e+01
4.126648297058356007e+01
4.113805543346887106e+01
4.100415693030210207e+01
4.086485640621749127e+01
4.071992567233925087e+01
4.056935939029909122e+01
4.041322650523124338e+01
4.025144739526491833e+01
4.008438813954433044e+01
3.991204339970121140e+01
3.973463068787476971e+01
3.955229323270172870e+01
3.936524854632130399e+01
3.917356557386770533e+01
3.897731326047517086e+01
3.877656055127789614e+01
3.857137639141011221e+01
3.836175544250354363e+01
3.814784093319489244e+01
3.792962752511589031e+01
3.770718416340073986e+01
3.748057979318368638e+01
3.725003192660391704e+01
3.701560950879567002e+01
3.677745576839566866e+01
3.653571393404060785e+01
3.629052723436722516e+01
3.604189033100723094e+01
3.579002073609984080e+01
3.553476454427178766e+01
3.527626498415977352e+01
3.501451671739552296e+01
3.474944012210825406e+01
3.448125271043718953e+01
3.420980057700903387e+01
3.393530123396301690e+01
3.365804647694086782e+01
3.337817953457928155e+01
3.309591807681674425e+01
3.281133183778378282e+01
3.252478784342017093e+01
3.223643026915819121e+01
3.194632900692762689e+01
3.165455394865823635e+01
3.136124926978233418e+01
3.106648486222967520e+01
3.077033061793004620e+01
3.047293071231571915e+01
3.017435503731649149e+01
2.987474776836463164e+01
2.957410451388741635e+01
2.927264373281962762e+01
2.897043531709105579e+01
2.866754915863146280e+01
2.836412943287314192e+01
2.806032031524836867e+01
2.775619169768692629e+01
2.745188775562108319e+01
2.714747838098062971e+01
2.684318203270034431e+01
2.653906860271000667e+01
2.623528226644189232e+01
2.593196719932828742e+01
2.562919329329896101e+01
2.532703044028370343e+01
2.502569709921729668e+01
2.472526316202950625e+01
2.442579852065012247e+01
2.412752163401392735e+01
2.383042811054819055e+01
2.353466212568520177e+01
2.324036785485723655e+01
2.294761518999407457e+01
2.265647402302549551e+01
2.236701424588127907e+01
2.207945431749620369e+01
2.179386412980005616e+01
2.151023929122010614e+01
2.122879826069114273e+01
2.094961093014293496e+01
2.067282147500777256e+01
2.039849978721543167e+01
2.012679004219818779e+01
1.985776213188583128e+01
1.959156023171063055e+01
1.932817995009987300e+01
1.906783974598833353e+01
1.881053522780329601e+01
1.855626280186554311e+01
1.830524491657741137e+01
1.805755625122973029e+01
1.781327148511334002e+01
1.757239101401657067e+01
1.733506380073276532e+01
1.710136452455274991e+01
1.687136786476737882e+01
1.664522278416997025e+01
1.642292967854886498e+01
1.620463751069740255e+01
1.599027239290142255e+01
1.578005757145675503e+01
1.557406772565423836e+01
1.537222896777970504e+01
1.517476454412899400e+01
1.498160056698794484e+01
1.479288599914989533e+01
1.460869551990567139e+01
1.442895524154111442e+01
1.425388841035206688e+01
1.408342113862435419e+01
1.391762810564882002e+01
1.375665827421880039e+01
1.360043775662012422e+01
1.344904123214363523e+01
1.330254338008017001e+01
1.316101887972055806e+01
1.302446812685314370e+01
1.289289151726625526e+01
1.276636373025073645e+01
1.264495944509741854e+01
1.252867905759463873e+01
1.241752296353073248e+01
1.231149155869403877e+01
1.221065952237539243e+01
1.211502725036312711e+01
1.202459513844558359e+01
1.193936358241109374e+01
1.185940726155049774e+01
1.178465228814962629e+01
1.171517334149932310e+01
1.165097081738792006e+01
1.159204511160375262e+01
1.153839661993515797e+01
1.149002573817047157e+01
1.144693286209803240e+01
1.140911838750617235e+01
1.137650842668073281e+01
1.134910337541004566e+01
1.132697858102709354e+01
1.131006349602844452e+01
1.129836252445531031e+01
1.129188007034889907e+01
1.129047197074542375e+01
1.129429119669109483e+01
1.130319358522212880e+01
1.131725782388223145e+01
1.133633974970761749e+01
1.136051805024199624e+01
1.138972284602408003e+01
1.142388425759258119e+01
1.146300668898871145e+01
1.150709454425367895e+01
1.155600366042370020e+01
1.160981272504248274e+01
1.166837757514623952e+01
1.173170261477618403e+01
1.179979224797352444e+01
1.187242802827197607e+01
1.194976292671774587e+01
1.203165278034704855e+01
1.211802770969859644e+01
1.220889211881359593e+01
1.230417612823076290e+01
1.240373557498630852e+01
1.250757486312144273e+01
1.261569839667737725e+01
1.272796201269032679e+01
1.284429583169900013e+01
1.296462997424210783e+01
1.308896884436086161e+01
1.321716827909147618e+01
1.334923268247515971e+01
1.348494360804562575e+01
1.362437974334658364e+01
1.376739692541424809e+01
1.391392527478732255e+01
1.406389491200453357e+01
1.421723595760457748e+01
1.437380424862367789e+01
1.453360418910303409e+01
1.469656589958136728e+01
1.486247093359238391e+01
1.503132369517730105e+01
1.520305430487482390e+01
1.537759288322366658e+01
1.555472098375753909e+01
1.573451729402015609e+01
1.591676336754522580e+01
1.610146353061499980e+01
1.628847323147088133e+01
1.647764784059530641e+01
1.666906557897821273e+01
1.686243325009704463e+01
1.705782907494173628e+01
1.725495985698973200e+01
1.745397810073346889e+01
1.765459060965038063e+01
1.785680132122791264e+01
1.806046560594850448e+01
1.826551311779709863e+01
1.847187351075862338e+01
1.867947643881802833e+01
1.888810298895524298e+01
1.909775709865771631e+01
1.930829413840788433e+01
1.951964376219068242e+01
1.973166134048855724e+01
1.994427652728644063e+01
2.015734469306677212e+01
2.037086977531700072e+01
2.058463286101705592e+01
2.079863788765437960e+01
2.101274022571141131e+01
2.122686952917308645e+01
2.144088116852185166e+01
2.165477908124514528e+01
2.186841863782539974e+01
2.208172949224756110e+01
2.229456701499406535e+01
2.250693514355235081e+01
2.271854068139986182e+01
2.292946184952653255e+01
2.313955401841480253e+01
2.334874684204961426e+01
2.355682140741089725e+01
2.376385593548861053e+01
2.396963151326267294e+01
2.417407779471803408e+01
2.437719871734213228e+01
2.457884965161740709e+01
2.477888596802629806e+01
2.497731160405623996e+01
2.517390764668717296e+01
2.536875231690903831e+01
2.556162670170177975e+01
2.575253473855282849e+01
2.594125751444213179e+01
2.612779896685712089e+01
2.631216234174872781e+01
2.649412526841432225e+01
2.667368753512226576e+01
2.685084893014092344e+01
2.702546067473364744e+01
2.719744827366630346e+01
2.736673723170476080e+01
2.753340162061987328e+01
2.769714409466999783e+01
2.785811300912849120e+01
2.801608530175622747e+01
2.817098647731906524e+01
2.832281632408535899e+01
2.847157463032346669e+01
2.861703833379425532e+01
2.875920722276608643e+01
2.889808108550732513e+01
2.903358542678381582e+01
2.916564575136143489e+01
2.929426184750853679e+01
2.941928493648848431e+01
2.954071480656963189e+01
2.965847696251784882e+01
2.977257119260149310e+01
2.988299728508892628e+01
2.998960646124350404e+01
3.009247279283610155e+01
3.019144750113006026e+01
3.028645609089125301e+01
3.037764691739304013e+01
3.046472263489377497e+01
3.054783159866682496e+01
3.062689931347804873e+01
3.070177700059080550e+01
3.077253873177596333e+01
3.083911001179937372e+01
3.090156491243190118e+01
3.095975465493691203e+01
3.101375331108525302e+01
3.106356066914529990e+01
3.110910223388290774e+01
3.115045207706894104e+01
3.118760998697174713e+01
3.122042718485469948e+01
3.124897774248865190e+01
3.127326144814197306e+01
3.129320380658051803e+01
3.130887888957515486e+01
3.132013791838923567e+01
3.132712924829611723e+01
3.132970352429610017e+01
3.132808050384964460e+01
3.132210795064166575e+01
3.131178219536204566e+01
3.129724813570568642e+01
3.127842781886000267e+01
3.125531757551488354e+01
3.122798801986273176e+01
3.119636119909094063e+01
3.116050772739191288e+01
3.112042393545555186e+01
3.107610615397175025e+01
3.102755071363041495e+01
3.097482822862394158e+01
3.091800931314472933e+01
3.085701601438017150e+01
3.079206751352768379e+01
3.072301157427215301e+01
3.065006737781098067e+01
3.057315697133156362e+01
3.049235096902631525e+01
3.040771998508761698e+01
3.031926035020538279e+01
3.022704267857199767e+01
3.013098901737487623e+01
3.003124426430890637e+01
2.992780475006398788e+01
2.982066680533003478e+01
2.970997532780193495e+01
2.959572664816958820e+01
2.947799138062539015e+01
2.935676585585925125e+01
2.923212068806355646e+01
2.910420077493322211e+01
2.897292816365564150e+01
2.883844775192570253e+01
2.870075587043332277e+01
2.855999741687338656e+01
2.841609443843330851e+01
2.826926611631047237e+01
2.811936021418978626e+01
2.796667019677115462e+01
2.781104382773946071e+01
2.765270028829212023e+01
2.749156162561652295e+01
2.732777273740757806e+01
2.716132995435517117e+01
2.699230389065171565e+01
2.682083944399210296e+01
2.664700722856873227e+01
2.647080362694677902e+01
2.629237379619747728e+01
2.611171437826235575e+01
2.592911914909292292e+01
2.574443618362569453e+01
2.555788497430968675e+01
2.536953644658890994e+01
2.517931295890238275e+01
2.498743400369912138e+01
2.479397050642314326e+01
2.459891910901595935e+01
2.440235073692158352e+01
2.420441059908653614e+01
2.400509533745232815e+01
2.380455016096547638e+01
2.360284599506999115e+01
2.340005376520989699e+01
2.319617011332670131e+01
2.299141453186942030e+01
2.278585794628207850e+01
2.257942271500367681e+01
2.237240261398573793e+01
2.216472000166728051e+01
2.195652008699480717e+01
2.174787379541234955e+01
2.153892633586641026e+01
2.132960006679600795e+01
2.112011448065015884e+01
2.091046621937037742e+01
2.070080049190317695e+01
2.049103965668757965e+01
2.028140320617259462e+01
2.007188778229973281e+01
1.986256431051301874e+01
1.965357799975896569e+01
1.944499977548158043e+01
1.923690056312489105e+01
1.902935128813290078e+01
1.882242287594962704e+01
1.861626053552159377e+01
1.841086090879031190e+01
1.820636920470228759e+01
1.800278206519904600e+01
1.780017041572459746e+01
1.759867946522546234e+01
1.739823157214065574e+01
1.719904622891918322e+01
1.700112007750256993e+01
1.680452404333482619e+01
1.660932905185996944e+01
1.641560658204255674e+01
1.622343032692934273e+01
1.603280024958511873e+01
1.584386488007968197e+01
1.565669846498032491e+01
1.547137525085434007e+01
1.528782091726402648e+01
1.510625827778168073e+01
1.492661301196958767e+01
1.474903364989755516e+01
1.457352015463036921e+01
1.440022105623783055e+01
1.422913631778472698e+01
1.406034018583835632e+01
1.389383262346351522e+01
1.372976216072999556e+01
1.356812876070259755e+01
1.340900666994860835e+01
1.325247013503532756e+01
1.309851911902755006e+01
1.294722786849257012e+01
1.279867062999768024e+01
1.265277308310517945e+01
1.250975804138735903e+01
1.236955118440651447e+01
1.223222675872994003e+01
1.209778472742243594e+01
1.196629933705128757e+01
1.183777055068129691e+01
1.171227261487975646e+01
1.158987977621396048e+01
1.147059199774870564e+01
1.135440924254878503e+01
1.124133147367899355e+01
1.113150722120912661e+01
1.102486216470147973e+01
1.092139626722084778e+01
1.082125805883702263e+01
1.072444750261480095e+01
1.063089027811648002e+01
1.054066063190934877e+01
1.045375852705820563e+01
1.037018392662784727e+01
1.029001107718556796e+01
1.021323994179615902e+01
1.013987048352441533e+01
1.006990266543513712e+01
1.000333645059311394e+01
9.940246085565643597e+00
9.880557249915018048e+00
9.824344687463160142e+00
9.771536564045474549e+00
9.722210109756998619e+00
9.676368271190263215e+00
9.633939711435306918e+00
9.595001660587159975e+00
9.559557065238358575e+00
9.527460304976436589e+00
9.498862893398923646e+00
9.473767777098357712e+00
9.452029335662272658e+00
9.433724799185700505e+00
9.418857114261177443e+00
9.407354943978734951e+00
9.399295518433406826e+00
9.394607500715229875e+00
9.393219553914235576e+00
9.395283191627957109e+00
9.400578509941430738e+00
9.409257022452187869e+00
9.421173108747762370e+00
9.436403998923191594e+00
9.454804072566005857e+00
9.476524843273740117e+00
9.501346407131428862e+00
9.529420277736605271e+00
9.560600834676804993e+00
9.594816741042057728e+00
9.632219510429901987e+00
9.672589238925366928e+00
9.716077440125992837e+00
9.762464210116807095e+00
9.811826778992845277e+00
9.864093809844144189e+00
9.919268249263236470e+00
9.977204476837654212e+00
1.003797972266243299e+01
1.010152264982760428e+01
1.016776192142320490e+01
1.023670048404176747e+01
1.030819271727082587e+01
1.038231585120541212e+01
1.045899854893556657e+01
1.053809519004881423e+01
1.061968300464019421e+01
1.070369065579973977e+01
1.078997252311498478e+01
1.087860583668096126e+01
1.096944497608520486e+01
1.106249288792024998e+01
1.115767822245191887e+01
1.125492957864919674e+01
1.135424982615935541e+01
1.145549326762467146e+01
1.155873705619491609e+01
1.166376121100986474e+01
1.177064288521929036e+01
1.187931066496796717e+01
1.198961885289816820e+01
1.210157031865716881e+01
1.221509364838974143e+01
1.233019171174315964e+01
1.244671881135969649e+01
1.256460353338412972e+01
1.268392303096622875e+01
1.280453160674827018e+01
1.292635784687502287e+01
1.304933033749127169e+01
1.317345194824427779e+01
1.329857698177631953e+01
1.342470830773467583e+01
1.355184879576660961e+01
1.367977846501190520e+01
1.380850018511783439e+01
1.393794254222916607e+01
1.406810840599317913e+01
1.419892636255464247e+01
1.433025071455583266e+01
1.446208433164402329e+01
1.459435579996398857e+01
1.472699370566050447e+01
1.486000091838083748e+01
1.499315745726476834e+01
1.512654047546207003e+01
1.526007855911751498e+01
1.539362601087337445e+01
1.552711141687442797e+01
1.566061193027044318e+01
1.579390757020119729e+01
1.592707548981646326e+01
1.605996999175851769e+01
1.619259394567462707e+01
1.632480165420707152e+01
1.645667027050562581e+01
1.658797981371006003e+01
1.671873315346764599e+01
1.684893315942566261e+01
1.697850841772888586e+01
1.710731323101957813e+01
1.723535046894502543e+01
1.736254828789154914e+01
1.748883312521167710e+01
1.761420527200200681e+01
1.773859073585662216e+01
1.786184124086710767e+01
1.798403136163254956e+01
1.810508710574703883e+01
1.822486019730216000e+01
1.834342521089699929e+01
1.846063387062314121e+01
1.857648646757717614e+01
1.869090900935319510e+01
1.880390178704777782e+01
1.891539080825501529e+01
1.902530208056899141e+01
1.913356161158379365e+01
1.924024397589851176e+01
1.934520089760472672e+01
1.944835838429653663e+01
1.954979101057301349e+01
1.964927621702325311e+01
1.974696286174884463e+01
1.984270266884136547e+01
1.993642164589491017e+01
2.002819436750856497e+01
2.011794684127641730e+01
2.020560507479255108e+01
2.029124364265605251e+01
2.037471426895851323e+01
2.045601724479651651e+01
2.053515286126664918e+01
2.061212140946549809e+01
2.068677461348465485e+01
2.075918704792319502e+01
2.082921043687272089e+01
2.089691935493230446e+01
2.096223980969604384e+01
2.102509780875801937e+01
2.108556792671732083e+01
2.114357617116803212e+01
2.119912283320674717e+01
2.125213392042754279e+01
2.130260972392701291e+01
2.135055053480174792e+01
2.139588236064582460e+01
2.143867977605833275e+01
2.147886878863336690e+01
2.151644968946750325e+01
2.155142276965733217e+01
2.158371403679694467e+01
2.161339764261277807e+01
2.164039748033566468e+01
2.166463702032379857e+01
2.168626258344286484e+01
2.170512335654856173e+01
2.172129137700406787e+01
2.173469011516757377e+01
2.174531732489977642e+01
2.175317076006136219e+01
2.175832245801550968e+01
2.176084445612542240e+01
2.176058594124678081e+01
2.175761895074277419e+01
2.175201552197659893e+01
2.174377340880893783e+01
2.173281608159798139e+01
2.171914129420441952e+01
2.170282108399143794e+01
2.168377892131723428e+01
2.166216112704748653e+01
2.163774260453539355e+01
2.161074395814913629e+01
2.158108865824691236e+01
2.154877445868940455e+01
2.151387339683980215e+01
2.147645751006129444e+01
2.143637598520957610e+01
2.139377514315033224e+01
2.134865273774424921e+01
2.130093223934952107e+01
2.125075996883183294e+01
2.119805939654937532e+01
2.114290255986534106e+01
2.108528721264041295e+01
2.102513682523278860e+01
2.096259771850814602e+01
2.089774192982968160e+01
2.083041864605308646e+01
2.076077418804404218e+01
2.068888059316574157e+01
2.061473561527887810e+01
2.053833700824413455e+01
2.045975680942470376e+01
2.037906705618377501e+01
2.029619121887953526e+01
2.021112705137267440e+01
2.012409515803138049e+01
2.003494472571134111e+01
1.994374779177575263e+01
1.985050211008529786e+01
1.975535397978605090e+01
1.965830104614062179e+01
1.955934093269199892e+01
1.945847126298317420e+01
1.935583822756213124e+01
1.925143944997187262e+01
1.914534683725788611e+01
1.903748372946065359e+01
1.892799631712817643e+01
1.881695650730593883e+01
1.870428764003443689e+01
1.859013590586165776e+01
1.847449892833059337e+01
1.835744861448673149e+01
1.823898258787307114e+01
1.811909847203259361e+01
1.799801674101579962e+01
1.787558645136066815e+01
1.775187951011270115e+01
1.762704210781988223e+01
1.750099758452270393e+01
1.737389213076915695e+01
1.724572337010223677e+01
1.711656320956742761e+01
1.698648355621022432e+01
1.685555631707611113e+01
1.672385339921059000e+01
1.659129814265414637e+01
1.645803673795477096e+01
1.632414109215795150e+01
1.618953454530418412e+01
1.605436328794145240e+01
1.591862494361275360e+01
1.578231713586107787e+01
1.564558605523442125e+01
1.550842932527576146e+01
1.537084456952809752e+01
1.523297797853941660e+01
1.509475289235021478e+01
1.495638978501098215e+01
1.481781199656220416e+01
1.467909143404937389e+01
1.454022572101548505e+01
1.440136104800852657e+01
1.426249503857148682e+01
1.412355103274486190e+01
1.398474950457914190e+01
1.384601379411481226e+01
1.370741580839736606e+01
1.356910173797479580e+01
1.343092095700449384e+01
1.329309552763395175e+01
1.315569926262505973e+01
1.301858312423221342e+01
1.288204377572481008e+01
1.274593217935723644e+01
1.261032214789139161e+01
1.247536177759166520e+01
1.234097631421494867e+01
1.220731385402563873e+01
1.207429964278063217e+01
1.194200749324181388e+01
1.181051121817107941e+01
1.167981034682782848e+01
1.154997869197394600e+01
1.142109006637133106e+01
1.129314399927937451e+01
1.116614001995747252e+01
1.104015194116751353e+01
1.091517929216889371e+01
1.079137016922600445e+01
1.066864981809574253e+01
1.054716633504249756e+01
1.042684496582316456e+01
1.030775952319963729e+01
1.018990953643131014e+01
1.007344310178257274e+01
9.958211181507820697e+00
9.844436155373946562e+00
9.732043269137845343e+00
9.621032052058907880e+00
9.511476316899029726e+00
9.403449876420102882e+00
9.296877976379020581e+00
9.191834429537676598e+00
9.088393048657961160e+00
8.986553362999273986e+00
8.886314901821004142e+00
8.787751477885045404e+00
8.690862620450790388e+00
8.595647858777633488e+00
8.502181005627466703e+00
8.410387306757186821e+00
8.320414858431183447e+00
8.232188906406351592e+00
8.145783263444583255e+00
8.061123175302773447e+00
7.978356738245312663e+00
7.897409198029098576e+00
7.818280083913520251e+00
7.741043543769765556e+00
7.665700782403696678e+00
7.592253339730458350e+00
7.520702755665212180e+00
7.451124853625604949e+00
7.383446890024289999e+00
7.317744688278920329e+00
7.253945504802148392e+00
7.192169733113126462e+00
7.132352057974755688e+00
7.074508876002690627e+00
7.018656583812581395e+00
6.964796721319581607e+00
6.912930828438843989e+00
6.863075301786019544e+00
6.815231681276263664e+00
6.769394078474475052e+00
6.725578889996306486e+00
6.683780227406662888e+00
6.643999630620695207e+00
6.606238639553555281e+00
6.570483937419896669e+00
6.536737064134871211e+00
6.504999559613630744e+00
6.475265535421077523e+00
6.447536531472365162e+00
6.421799230982144557e+00
6.398047745515319740e+00
6.376276186636792964e+00
6.356478665911464709e+00
6.338641866553988535e+00
6.322767328479518056e+00
6.308841734902703280e+00
6.296844340687947295e+00
6.286776685750402827e+00
6.278618024954473853e+00
6.272355041514810381e+00
6.267981846996315554e+00
6.265477696263392460e+00
6.264829272530691107e+00
6.266030687363117302e+00
6.269046338924572304e+00
6.273870338779956590e+00
6.280474513443422779e+00
6.288860402830126262e+00
6.298992405103966519e+00
6.310857203479597111e+00
6.324426624471170655e+00
6.339694779643587630e+00
6.356626067160753735e+00
6.375207226957074980e+00
6.395417797495738021e+00
6.417229945609433273e+00
6.440623266481104281e+00
6.465569926943439683e+00
6.492049522179384802e+00
6.520034219021628275e+00
6.549496184302863178e+00
6.580415013206029506e+00
6.612762872563823002e+00
6.646511929208930525e+00
6.681626921623797344e+00
6.718094873341611262e+00
6.755880522844819325e+00
6.794956036966106616e+00
6.835293582538169765e+00
6.876865326393700961e+00
6.919643435365387951e+00
6.963592647935674229e+00
7.008685130937251095e+00
7.054855909451560159e+00
7.102166290514294822e+00
7.150521585805893920e+00
7.199849392057553921e+00
7.250151589502958238e+00
7.301504341878307436e+00
7.353686678909786778e+00
7.406774764333589722e+00
7.460770478383409454e+00
7.515601417790437111e+00
7.571195179285862054e+00
7.627553643103379244e+00
7.684604405974179819e+00
7.742423631634452796e+00
7.800864633312891705e+00
7.859929291243187066e+00
7.919619485659032954e+00
7.979862813291618728e+00
8.040661154374635800e+00
8.101942105639277969e+00
8.163707547319235758e+00
8.225810792643198255e+00
8.288402288849862742e+00
8.351335349167916533e+00
8.414537570328553429e+00
8.478085116067962446e+00
8.541905583117337386e+00
8.605926568207870275e+00
8.670149951573250746e+00
8.734503329944672601e+00
8.798988359800869574e+00
8.863531519098254208e+00
8.928207629043287241e+00
8.992794376832422998e+00
9.057440867174618049e+00
9.121999070768829654e+00
9.186543808821515000e+00
9.250927052031631348e+00
9.315149338103134724e+00
9.379211204739984709e+00
9.443113189646135552e+00
9.506707263520546292e+00
9.570068247569670561e+00
9.633196679497466164e+00
9.695870246500392753e+00
9.758238053287406899e+00
9.820226354059965246e+00
9.881761403019520884e+00
9.942843737870036946e+00
1.000347389631546591e+01
1.006357813255726619e+01
1.012315698429939559e+01
1.018221098924581014e+01
1.024059211809546710e+01
1.029837519205482366e+01
1.035548646532533468e+01
1.041200075911346090e+01
1.046777004411815426e+01
1.052279485804337611e+01
1.057715002209558364e+01
1.063061322347123117e+01
1.068333356687927527e+01
1.073523730652117614e+01
1.078632498010088980e+01
1.083644855831736997e+01
1.088568286237707561e+01
1.093402842998396451e+01
1.098141151533949511e+01
1.102783265614762165e+01
1.107329239011230193e+01
1.111771697143499438e+01
1.116110693781965146e+01
1.120346282697023454e+01
1.124478517659069965e+01
1.128507452438500280e+01
1.132425712455460420e+01
1.136233351480345277e+01
1.139922994933301403e+01
1.143502124934974340e+01
1.146963366905509218e+01
1.150306748838430160e+01
1.153524767269521689e+01
1.156632178008446310e+01
1.159606595113616656e+01
1.162462774394695053e+01
1.165193186610594367e+01
1.167797730870476869e+01
1.170276306283505185e+01
1.172628811958841766e+01
1.174847718655399476e+01
1.176932925482340586e+01
1.178891759899077485e+01
1.180716692664523215e+01
1.182407622887839871e+01
1.183964449678190256e+01
1.185379643794486704e+01
1.186667961046391717e+01
1.187814443842568224e+01
1.188833847992678372e+01
1.189711215905384734e+01
1.190453875040100229e+01
1.191054296155737013e+01
1.191527235061957590e+01
1.191865162517674825e+01
1.192060549281801052e+01
1.192120722813749012e+01
1.192045582222680622e+01
1.191835026617759574e+01
1.191481526757897313e+01
1.190992410102506760e+01
1.190367575760750540e+01
1.189614351192041042e+01
1.188717778805040837e+01
1.187685186059162668e+01
1.186516472063569161e+01
1.185211535927422410e+01
1.183777705110135159e+01
1.182207450370620094e+01
1.180508099168289426e+01
1.178672122262056199e+01
1.176706847111332621e+01
1.174612172825281142e+01
1.172387998513064389e+01
1.170034223283845165e+01
1.167550746246785565e+01
1.164937466511048392e+01
1.162201711536046211e+01
1.159335952080691534e+01
1.156347515604396925e+01
1.153228872866074894e+01
1.149987344034008174e+01
1.146622791761710225e+01
1.143142499761815323e+01
1.139546323396707095e+01
1.135826689678519230e+01
1.131990882319885827e+01
1.128046185033440629e+01
1.123992453181567797e+01
1.119829542126650601e+01
1.115549878880823620e+01
1.111168175506970179e+01
1.106684287367474084e+01
1.102090641474469379e+01
1.097394521540590162e+01
1.092595782928220061e+01
1.087701709349992996e+01
1.082704727818042656e+01
1.077619550395253079e+01
1.072431175743507836e+01
1.067161744275941437e+01
1.061803683004687038e+01
1.056356847292128798e+01
1.050821092500650700e+01
1.045203702342886309e+01
1.039504532181219965e+01
1.033730865728284698e+01
1.027875129996215087e+01
1.021937180347394758e+01
1.015939157194957687e+01
1.009858630850537509e+01
1.003717741727268198e+01
9.975089168372837989e+00
9.912320115429675838e+00
9.849017379072042999e+00
9.785105229421271034e+00
9.720582220101199766e+00
9.655595471740669566e+00
9.590069254461019099e+00
9.524076405388585798e+00
9.457541194644708327e+00
9.390610742858225279e+00
9.323209320150473545e+00
9.255409763647795884e+00
9.187284910476527955e+00
9.118759030758010198e+00
9.049830678116077110e+00
8.980646973179572612e+00
8.911206469572331201e+00
8.841433437415695096e+00
8.771400713835999952e+00
8.701181288540000835e+00
8.630774478053613308e+00
8.560179751483174115e+00
8.489396577935014676e+00
8.418572993520465175e+00
8.347559900340863592e+00
8.276505334507536560e+00
8.205408765126820825e+00
8.134269661305047805e+00
8.063161775651051855e+00
7.992010293768663232e+00
7.920888968266718067e+00
7.849797268251548665e+00
7.778808946331984941e+00
7.707923471614363642e+00
7.637214596707515568e+00
7.566607507215271866e+00
7.496175955746467778e+00
7.425993694909936771e+00
7.355985910309509990e+00
7.286300638056520285e+00
7.216818493653301303e+00
7.147665228160435369e+00
7.078825453983754734e+00
7.010313496930096200e+00
6.942158539506786852e+00
6.874374907520663491e+00
6.806984355128807174e+00
6.740001208138051148e+00
6.673454649055728716e+00
6.607366432038922710e+00
6.541743454544215908e+00
6.476622327429190307e+00
6.412017376500680044e+00
6.347950355915767950e+00
6.284428163131035028e+00
6.221465123953316301e+00
6.159090420889943296e+00
6.097310951397499679e+00
6.036148469633068281e+00
5.975609873053230103e+00
5.915716915815070642e+00
5.856491352075671841e+00
5.797947507641865172e+00
5.740099708320486549e+00
5.682962279918364779e+00
5.626549548242335774e+00
5.570890695799732839e+00
5.515985191696886503e+00
5.461854790090880485e+00
5.408499155910939216e+00
5.355933594078350346e+00
5.304181033687541458e+00
5.253242118782191383e+00
5.203132350106481674e+00
5.153859800054338969e+00
5.105447397720191738e+00
5.057895787147719702e+00
5.011213040730852164e+00
4.965422087564016707e+00
4.920523571690892162e+00
4.876532993855658304e+00
4.833450998101993967e+00
4.791300513524326732e+00
4.750074755816085847e+00
4.709789225721451089e+00
4.670451995634349096e+00
4.632063709598461365e+00
4.594632440007716312e+00
4.558173687606290159e+00
4.522680668087613931e+00
4.488161453845616933e+00
4.454616688923975332e+00
4.422061874066870679e+00
4.390497653317980031e+00
4.359917242370732637e+00
4.330336141969309161e+00
4.301747567807135297e+00
4.274167020628391711e+00
4.247580287776257180e+00
4.222002869994908814e+00
4.197435411328028110e+00
4.173871127469041653e+00
4.151325519162129218e+00
4.129776945400220001e+00
4.109240906927491999e+00
4.089710619437375350e+00
4.071179298623295750e+00
4.053655016879185169e+00
4.037130989898471078e+00
4.021607861724833199e+00
4.007078848051699005e+00
3.993537164572498188e+00
3.980983455330910026e+00
3.969418364370611574e+00
3.958827679034782943e+00
3.949212043367102520e+00
3.940572101411250028e+00
3.932886212160152439e+00
3.926162448007740391e+00
3.920394095678545465e+00
3.915559869321012965e+00
3.911668267515691966e+00
3.908712932142631491e+00
3.906680076731630091e+00
3.905555914812488538e+00
3.905348944965753688e+00
3.906037952370975841e+00
3.907616578908204019e+00
3.910078466457486357e+00
3.913417256898872321e+00
3.917619163762161349e+00
3.922677828927401578e+00
3.928579465924393332e+00
3.935310288282933833e+00
3.942863937883073433e+00
3.951234056604860267e+00
3.960399429627844192e+00
3.970353698832073785e+00
3.981083077747347598e+00
3.992581208253715985e+00
4.004826875530726582e+00
4.017821149808678882e+00
4.031535387916871827e+00
4.045963231735354881e+00
4.061098323144176625e+00
4.076919447322886469e+00
4.093412817801282522e+00
4.110564648109164665e+00
4.128361151776331006e+00
4.146788542332581429e+00
4.165840461657965399e+00
4.185488266581780081e+00
4.205733027334326302e+00
4.226546100744901224e+00
4.247913700343305621e+00
4.269829468009588958e+00
4.292279617273547565e+00
4.315235504964482161e+00
4.338698201312691793e+00
4.362639063147475404e+00
4.387051732348882460e+00
4.411907565746210125e+00
4.437207633569759224e+00
4.462923292648828699e+00
4.489033328162966185e+00
4.515538810342472509e+00
4.542411096016644834e+00
4.569636398715283043e+00
4.597200931968187021e+00
4.625083387912955146e+00
4.653269514869643686e+00
4.681737539766108291e+00
4.710473117880455085e+00
4.739469332841041549e+00
4.768689554875222392e+00
4.798134295961603790e+00
4.827781783028042284e+00
4.857617671352644884e+00
4.887612759513015881e+00
4.917760131137513646e+00
4.948045441504242525e+00
4.978446917541059058e+00
5.008942786175821560e+00
5.039518702686633489e+00
5.070160322351600968e+00
5.100845872098581424e+00
5.131568435555932339e+00
5.162298811301258006e+00
5.193037511313163712e+00
5.223755334169257303e+00
5.254452791848145843e+00
5.285100682927432736e+00
5.315692091035475464e+00
5.346205243100131455e+00
5.376625794399505942e+00
5.406946828561953744e+00
5.437139144165083593e+00
5.467195824837249418e+00
5.497095097506308647e+00
5.526822617450367403e+00
5.556364039947530920e+00
5.585712448626155791e+00
5.614846070414100332e+00
5.643750560589467113e+00
5.672419002780614505e+00
5.700829623915398159e+00
5.728975507622174668e+00
5.756834880828798795e+00
5.784408255513879382e+00
5.811659001904770250e+00
5.838595060330328934e+00
5.865187229368159727e+00
5.891428592646620999e+00
5.917304805443817983e+00
5.942801523037856803e+00
5.967911829057094053e+00
5.992621378779635855e+00
6.016923255833837025e+00
6.040803115497805464e+00
6.064253896313861247e+00
6.087260528129931458e+00
6.109815224058158911e+00
6.131902768860433284e+00
6.153515375648899166e+00
6.174645257535696707e+00
6.195269770932469555e+00
6.215381128951356970e+00
6.234971544704502655e+00
6.254033231304048535e+00
6.272558401862136535e+00
6.290539269490907692e+00
6.307953190602003879e+00
6.324814663358317546e+00
6.341101044171490564e+00
6.356804546153664859e+00
6.371924810767231939e+00
6.386454051124333731e+00
6.400384480337112159e+00
6.413715739867959620e+00
6.426432614478766681e+00
6.438534745631926626e+00
6.450021774789830964e+00
6.460878486714372038e+00
6.471097094517689996e+00
6.480684668012427707e+00
6.489618563610227930e+00
6.497905851123732646e+00
6.505538743665082002e+00
6.512509454346417925e+00
6.518817624630134588e+00
6.524462895978622612e+00
6.529437481504021257e+00
6.533755879369227415e+00
6.537402874336129877e+00
6.540392964567619316e+00
6.542710934825591629e+00
6.544371283272935713e+00
6.545351366321294329e+00
6.545673110483808621e+00
6.545313872172121350e+00
6.544280721198873607e+00
6.542580727376710037e+00
6.540198675467516765e+00
6.537134206933691516e+00
6.533401819938124078e+00
6.529001155943204182e+00
6.523924428061076419e+00
6.518178706104382769e+00
6.511763631535512964e+00
6.504686204019960449e+00
6.496938285934113821e+00
6.488526526207714973e+00
6.479457573770501355e+00
6.469715792501464335e+00
6.459315259680593613e+00
6.448255195887377944e+00
6.436534821701306974e+00
6.424160786052122596e+00
6.411139737869562261e+00
6.397470897733116502e+00
6.383175771273026378e+00
6.368261007419028452e+00
6.352718398400367228e+00
6.336569449847277546e+00
6.319805953989002134e+00
6.302449416455780273e+00
6.284491629476852026e+00
6.265946670332206203e+00
6.246821187951582921e+00
6.227106974564222241e+00
6.206818107450113864e+00
6.185968663889247487e+00
6.164550436110862286e+00
6.142592358095449789e+00
6.120093650422497866e+00
6.097053533671497050e+00
6.073500941822937982e+00
6.049427667106058948e+00
6.024847786800850535e+00
5.999760521486801501e+00
5.974187376794153792e+00
5.948127573302395277e+00
5.921587759941265183e+00
5.894574585640506292e+00
5.867102127680104751e+00
5.839184463340053810e+00
5.810813384849589980e+00
5.782025254539455261e+00
5.752811864638888828e+00
5.723194720778129962e+00
5.693180471886919669e+00
5.662790623595496342e+00
5.632024396483349626e+00
5.600888439480220526e+00
5.569404258216349213e+00
5.537571073271223554e+00
5.505402961924834138e+00
5.472906573106921080e+00
5.440095984097474080e+00
5.406970472391311233e+00
5.373559256545565432e+00
5.339854470281447441e+00
5.305877960721167241e+00
5.271644146636687900e+00
5.237152590099469762e+00
5.202425138231723700e+00
5.167468781455160531e+00
5.132290510191491073e+00
5.096912171562927085e+00
5.061333327640928914e+00
5.025575825547709208e+00
4.989639227354726536e+00
4.953552808534444019e+00
4.917308702808071530e+00
4.880928757297821718e+00
4.844427390775652320e+00
4.807804165313028122e+00
4.771073499681907748e+00
4.734249812654254264e+00
4.697340094651776710e+00
4.660366192796686846e+00
4.623327669160446796e+00
4.586246370865265654e+00
4.549129288332856014e+00
4.511998268685428748e+00
4.474852873994443314e+00
4.437722379732363720e+00
4.400598919620397176e+00
4.363511769131008577e+00
4.326453061985406912e+00
4.289444645305803050e+00
4.252486081163659115e+00
4.215599216681185091e+00
4.178791042280093571e+00
4.142061120031844013e+00
4.105438725408898648e+00
4.068915992132467352e+00
4.032514767324761884e+00
3.996249469757742645e+00
3.960119661502871757e+00
3.924139761332109622e+00
3.888324188017417971e+00
3.852672503630256706e+00
3.817206555292837589e+00
3.781918476726371381e+00
3.746830115053068511e+00
3.711941032344392877e+00
3.677265647372302215e+00
3.642818378908759591e+00
3.608598883206866059e+00
3.574614621596544861e+00
3.540888006289859113e+00
3.507419164448121407e+00
3.474215651582894804e+00
3.441299879906243309e+00
3.408664548229229041e+00
3.376332068763916450e+00
3.344295140321368986e+00
3.312568746763398408e+00
3.281153015251319527e+00
3.250070357997195014e+00
3.219313473812088322e+00
3.188889918207562513e+00
3.158814675045431564e+00
3.129095299837257205e+00
3.099724491394103776e+00
3.070724661928034394e+00
3.042095938600362981e+00
3.013845876922651712e+00
2.985982032406464537e+00
2.958504532213114491e+00
2.931420931854165079e+00
2.904746215191429393e+00
2.878465652685720855e+00
2.852601656549102138e+00
2.827154353942887610e+00
2.802123872028389417e+00
2.777517766317171510e+00
2.753343592320797395e+00
2.729594048850330079e+00
2.706284119767582208e+00
2.683413932233867705e+00
2.660991041760749631e+00
2.639008147159291884e+00
2.617472803941056636e+00
2.596392567617608282e+00
2.575767565350259858e+00
2.555605352650573536e+00
2.535898628329613658e+00
2.516654947898943728e+00
2.497881866870125922e+00
2.479572084054224579e+00
2.461733154962802317e+00
2.444365206757173059e+00
2.427460938248399369e+00
2.411035333298294780e+00
2.395081090717922745e+00
2.379598337668596741e+00
2.364587201311629361e+00
2.350047897878849046e+00
2.335980999884145870e+00
2.322387168911922650e+00
2.309267066546583536e+00
2.296628782722782702e+00
2.284458122324424245e+00
2.272763175286162785e+00
2.261537174842151554e+00
2.250780782576794703e+00
2.240502088424745963e+00
2.230686897269909874e+00
2.221335870696690140e+00
2.212457098639740938e+00
2.204036385982966806e+00
2.196081822661020588e+00
2.188586641908057295e+00
2.181551505308480632e+00
2.174969646096444720e+00
2.168849154206602847e+00
2.163168406172609526e+00
2.157942920279369403e+00
2.153158501410786130e+00
2.148815811151262967e+00
2.144908082734954924e+00
2.141443406096515290e+00
2.138400157769599019e+00
2.135786427688858957e+00
2.133595449088449669e+00
2.131827883552775749e+00
2.130469535965740402e+00
2.129521067911747778e+00
2.128983140975202470e+00
2.128841560040007241e+00
2.129096986690567572e+00
2.129750082511286724e+00
2.130786652386068791e+00
2.132199929549067896e+00
2.133998003934937771e+00
2.136159252077332926e+00
2.138691763910907095e+00
2.141581344319563929e+00
2.144828654887708463e+00
2.148419500499243906e+00
2.152354542738574406e+00
2.156634443190104111e+00
2.161237578387486646e+00
2.166172038265376631e+00
2.171423627707677717e+00
2.176985579948544025e+00
2.182858556572379705e+00
2.189028228453663960e+00
2.195487158779428682e+00
2.202235205077532676e+00
2.209264796525582053e+00
2.216560933950934675e+00
2.224116046531198432e+00
2.231929991794230794e+00
2.239987770567388736e+00
2.248289240378530174e+00
2.256819402055012969e+00
2.265578113124694148e+00
2.274550374414932019e+00
2.283728615103332693e+00
2.293112692717755419e+00
2.302687608085556725e+00
2.312445790384343614e+00
2.322379668791724860e+00
2.332489100835557938e+00
2.342751658992948904e+00
2.353174629142007035e+00
2.363735583759838388e+00
2.374434380374301767e+00
2.385263448163004174e+00
2.396207787953303026e+00
2.407267257273055794e+00
2.418434285299870368e+00
2.429693872861104165e+00
2.441038449134364630e+00
2.452467871647509234e+00
2.463967141227895841e+00
2.475536115403381476e+00
2.487159795001324003e+00
2.498838037549580449e+00
2.510555843875509563e+00
2.522305643156717903e+00
2.534087292921062939e+00
2.545878365645652952e+00
2.557686147208594996e+00
2.569495638437246043e+00
2.581291840158964401e+00
2.593082038251857568e+00
2.604851233543282962e+00
2.616591855210848028e+00
2.628303760782410237e+00
2.639964522735077423e+00
2.651581426946956643e+00
2.663139474245406202e+00
2.674638522158282683e+00
2.686056143162694365e+00
2.697399623136748303e+00
