# te
3.196543185719133096e+00
3.898723497544172911e+00
3.937217894614753799e+00
3.596372189331797475e+00
3.089547566957756342e+00
2.549602581442544924e+00
2.055237694317636699e+00
1.643970673078239075e+00
1.333407539718463708e+00
1.127729329255691360e+00
1.020976741427430001e+00
9.909655946495885548e-01
1.008763184891704690e+00
1.055196203319190396e+00
1.119734153350324890e+00
1.189406251890994914e+00
1.254120164166730556e+00
1.312936320050535288e+00
1.359120382665743643e+00
1.400523643668539764e+00
1.442145400805313171e+00
1.486516932892177012e+00
1.535213116533133748e+00
1.583994228264023807e+00
1.638498278698719890e+00
1.696732105899140031e+00
1.750249531917360102e+00
1.801661473902038901e+00
1.841827676596687224e+00
1.877532468517644437e+00
1.900301139322317034e+00
1.909084298299554838e+00
1.907046645328744683e+00
1.889810142698727047e+00
1.871504532390336539e+00
1.843903364395176325e+00
1.806147176372875585e+00
1.759594125674884824e+00
1.705135376416237358e+00
1.643428005422607141e+00
1.574125885209982645e+00
1.496232813390994121e+00
1.407148063924271275e+00
1.303966348408194253e+00
1.184856961278350607e+00
1.050430440756655370e+00
9.018890651359823263e-01
7.405093962117037520e-01
5.677069059288679664e-01
3.847331266676576322e-01
1.919817814219949015e-01
-1.057778433882833671e-02
-2.238353881354351316e-01
-4.490504821968885341e-01
-6.879260469005211709e-01
-9.413743144424242537e-01
-1.209430581626518508e+00
-1.491842668102049130e+00
-1.787942405904262344e+00
-2.097094196327794702e+00
-2.419149278516850021e+00
-2.754095457778521716e+00
-3.101913111069654061e+00
-3.462642042149091548e+00
-3.836348786710858771e+00
-4.222367404611449437e+00
-4.619843265485284789e+00
-5.027951452367791063e+00
-5.446060185400890319e+00
-5.873933531527604224e+00
-6.312748092839590264e+00
-6.763816325970852361e+00
-7.227381005119395851e+00
-7.703350628721977067e+00
-8.191468138536050603e+00
-8.690279408383888793e+00
-9.199256722895205129e+00
-9.718169500709723962e+00
-1.024693572747216663e+01
-1.078522673997467152e+01
-1.133247011462406206e+01
-1.188821819648707567e+01
-1.245172619662045932e+01
-1.302262074359345512e+01
-1.360018626845035428e+01
-1.418404693269317107e+01
-1.477385611781146579e+01
-1.536934148879730166e+01
-1.597037927764774246e+01
-1.657659762835106676e+01
-1.718782086890038485e+01
-1.780355095577752778e+01
-1.842358697947432944e+01
-1.904743089647261911e+01
-1.967465894675672544e+01
-2.030484737031097708e+01
-2.093757240711970269e+01
-2.157233601366473508e+01
-2.220864014642789996e+01
-2.284598676189102662e+01
-2.348410066704344956e+01
-2.412218668435699342e+01
-2.475989533731849690e+01
-2.539665429890727921e+01
-2.603181695860017442e+01
-2.666495955638150406e+01
-2.729550976523061578e+01
-2.792282097462432233e+01
-2.854646942454696301e+01
-2.916595559908534341e+01
-2.978055124223874728e+01
-3.038989804312392806e+01
-3.099334055684763101e+01
-3.159037190552163210e+01
-3.218048521125766825e+01
-3.276309931266500541e+01
-3.333763304835289887e+01
-3.390365382393559912e+01
-3.446058047802237922e+01
-3.500783184922248381e+01
-3.554497534315015628e+01
-3.607142979841468389e+01
-3.658661405362530417e+01
-3.709009551439628183e+01
-3.758136730283936089e+01
-3.805984825756380729e+01
-3.852510578418387865e+01
-3.897663300481131898e+01
-3.941384875805540844e+01
-3.983632201590257438e+01
-4.024355373232558009e+01
-4.063512071117185087e+01
-4.101045118928382038e+01
-4.136927053751393402e+01
-4.171093270920213314e+01
-4.203501450819584306e+01
-4.234116702184500980e+01
-4.262896705399706576e+01
-4.289799140849944337e+01
-4.314789117270210284e+01
-4.337816886694996299e+01
-4.358854986209545501e+01
-4.377861096198603263e+01
-4.394785468696662178e+01
-4.409608069139216724e+01
-4.422271721210510975e+01
-4.432748961995788051e+01
-4.440997471879790481e+01
-4.446974931247264351e+01
-4.450653569878047477e+01
-4.452004388330360030e+01
-4.450998079857018297e+01
-4.447620194411337735e+01
-4.441833996895883274e+01
-4.433625037263971080e+01
-4.422964008768416733e+01
-4.409829033012285748e+01
-4.394198231598644355e+01
-4.376057154480805877e+01
-4.355376494911589447e+01
-4.332149231194557615e+01
-4.306338628232278865e+01
-4.277945092678565686e+01
-4.246939317786235790e+01
-4.213314281858853860e+01
-4.177055534849736773e+01
-4.138170911762948379e+01
-4.096645962551805553e+01
-4.052473665519873691e+01
-4.005646998970718187e+01
-3.956166369558154372e+01
-3.904024755585748352e+01
-3.849222563707314748e+01
-3.791775057277170902e+01
-3.731675007940235389e+01
-3.668921789057085192e+01
-3.603521995679906809e+01
-3.535474794510631824e+01
-3.464794208951693122e+01
-3.391494262405525006e+01
-3.315581549924308291e+01
-3.237070094910477991e+01
-3.155981349116715506e+01
-3.072307050894704972e+01
-2.986083508697629085e+01
-2.897317317577670792e+01
-2.806037357637763563e+01
-2.712257652280339926e+01
-2.616007081608332641e+01
-2.517314525724675178e+01
-2.416186579681550484e+01
-2.312652123581891672e+01
-2.206754894229131736e+01
-2.098516343375953852e+01
-1.987980207825789947e+01
-1.875175367681574556e+01
-1.760138131396489669e+01
-1.642897379073469111e+01
-1.523504275866195279e+01
-1.401979944110003018e+01
-1.278381330222084422e+01
-1.152727909451033739e+01
-1.025068870446444613e+01
-8.954459735076611082e+00
-7.638935505837769036e+00
-6.304466764589109040e+00
-4.951627109679321848e+00
-3.580923284304846188e+00
-2.192884316712869541e+00
-7.880303211302817079e-01
6.331052171855782174e-01
2.069997726997671705e+00
3.522116694388758962e+00
4.988903377710651732e+00
6.469791606964910180e+00
7.964192927102346609e+00
9.471630308327521064e+00
1.099144844043899560e+01
1.252315543694082933e+01
1.406603656082958409e+01
1.561967420911182280e+01
1.718327936128160616e+01
1.875636013084298881e+01
2.033812749729004210e+01
2.192808957412682247e+01
2.352553162434988465e+01
2.512981319445830053e+01
2.674029383095112777e+01
2.835633308032741695e+01
2.997721620558374767e+01
3.160230275321916693e+01
3.323087798623023303e+01
3.486222716761352558e+01
3.649578412737058386e+01
3.813075984499548809e+01
3.976643958348478947e+01
4.140218288933754565e+01
4.303727502555032203e+01
4.467085268811467813e+01
4.630242399053467750e+01
4.793112562880187255e+01
4.955624286591283578e+01
5.117720953186913135e+01
5.279323660616481106e+01
5.440368363529893259e+01
5.600783588226807552e+01
5.760490432656627036e+01
5.919432279819509546e+01
6.077530227664862394e+01
6.234697868007464194e+01
6.390870766575342543e+01
6.545969554611650665e+01
6.699907435009289713e+01
6.852619895711913500e+01
7.004027567962671696e+01
7.154073368055465210e+01
7.302655642182701001e+01
7.449821303541776274e+01
7.595349844721096133e+01
7.739317892319060377e+01
7.881579222426572073e+01
8.022136178139534479e+01
8.160842535548846399e+01
8.297774921252911895e+01
8.432712827840133230e+01
8.565584314903911434e+01
8.696466009042647727e+01
8.825137402844747214e+01
8.951675122908611115e+01
9.075858661822637430e+01
9.197764646185231641e+01
9.317246852087296816e+01
9.434381906127232753e+01
9.548949300893443137e+01
9.661025662984327766e+01
9.770464768490791130e+01
9.877194677006232837e+01
9.981292015129055528e+01
1.008261055895016227e+02
1.018115265156545490e+02
1.027684635256833445e+02
1.036961972155220195e+02
1.045940081811046127e+02
1.054619198533901567e+02
1.062999556633376557e+02
1.071073962068811483e+02
1.078827792449296084e+02
1.086276138784920704e+02
1.093396950334525997e+02
1.100197889757951657e+02
1.106671763014538215e+02
1.112818804413875711e+02
1.118624391565054026e+02
1.124096187127914135e+02
1.129226997061795572e+02
1.134002198975788929e+02
1.138429455529734042e+02
1.142509001033221665e+02
1.146233641445591331e+02
1.149603550069635389e+02
1.152618656180953991e+02
1.155278828048348032e+02
1.157583933940619403e+02
1.159526413776319629e+02
1.161106135824250742e+02
1.162322968353213639e+02
1.163176779632010494e+02
1.163667437929442343e+02
1.163794811514311363e+02
1.163543911954918997e+02
1.162929464220566302e+02
1.161943908229805515e+02
1.160587112251438100e+02
1.158858944554265520e+02
1.156759273407089097e+02
1.154295395428960944e+02
1.151459750538432587e+02
1.148252207004305063e+02
1.144680061445630770e+02
1.140743182131210745e+02
1.136434008979596371e+02
1.131759838609840187e+02
1.126727967640992887e+02
1.121330835991606421e+02
1.115575740280732475e+02
1.109455120426922292e+02
1.102976273049227700e+02
1.096153923116950324e+02
1.088973082198391893e+02
1.081441046912603667e+02
1.073557685528387253e+02
1.065337723015044418e+02
1.056773599291126686e+02
1.047872610975685888e+02
1.038634626337523201e+02
1.029074370345940395e+02
1.019184282919489135e+02
1.008979089027470906e+02
9.984586569386875965e+01
9.876228549219402453e+01
9.764715512460310265e+01
9.650194708802611387e+01
9.532590537431822497e+01
9.411975964538461881e+01
9.288349672810541335e+01
9.161784628438580569e+01
9.032279514110592800e+01
8.900055863022096503e+01
8.765038074358606934e+01
8.627373085140496300e+01
8.487132298195075464e+01
8.344312520174507597e+01
8.199133408238462550e+01
8.051517485536604113e+01
7.901535842223599104e+01
7.749259568454114344e+01
7.594759754382818073e+01
7.438033206661873464e+01
7.279225298948448142e+01
7.118228840991208983e+01
6.955226348198570463e+01
6.790274054024702366e+01
6.623435620274018731e+01
6.454789565451437738e+01
6.284414408061871171e+01
6.112373809909741595e+01
5.938753717850210734e+01
5.763625222037946827e+01
5.587051984277367467e+01
5.409119951423636508e+01
5.229892785281170831e+01
5.049449004354888615e+01
4.867867127149704487e+01
4.685203387119785390e+01
4.501543731120298020e+01
4.316951820955657837e+01
4.131498746780533082e+01
3.945263027099837672e+01
3.758315752068239135e+01
3.570720583490154354e+01
3.382556039870499376e+01
3.193900639714189538e+01
3.004840329876393312e+01
2.815446200511775032e+01
2.625811626825752043e+01
2.436007698972990809e+01
2.246120363808658027e+01
2.056228139837668678e+01
1.866409545564940231e+01
1.676743099495388734e+01
1.487307320133931299e+01
1.298173297635232970e+01
1.109412122153961100e+01
9.211097405452818521e+00
7.333365001288361995e+00
5.461694337394911614e+00
3.596803743669376718e+00
1.739448691759921894e+00
-1.096346603959383048e-01
-1.949712714312920925e+00
-3.780026453233466199e+00
-5.599841704902993378e+00
-7.408376755625322829e+00
-9.204894461805777084e+00
-1.098872453500192137e+01
-1.275899612131458305e+01
-1.451498693384957583e+01
-1.625597468571272231e+01
-1.798116280650734566e+01
-1.969005185984676132e+01
-2.138184527533428891e+01
-2.305604361658325274e+01
-2.471192459669947183e+01
-2.634891449579377110e+01
-2.796643959397695767e+01
-2.956370332085236896e+01
-3.114020624003331150e+01
-3.269522606462560788e+01
-3.422818907474007943e+01
-3.573844726698504815e+01
-3.722527835446634015e+01
-3.868810861729477324e+01
-4.012636433558115101e+01
-4.153947178943630547e+01
-4.292715439298107327e+01
-4.428891270982875028e+01
-4.562432158709516017e+01
-4.693303015539864020e+01
-4.821446469484998687e+01
-4.946834861957003682e+01
-5.069425677667460661e+01
-5.189161544627451406e+01
-5.306014804249058159e+01
-5.419928084543363411e+01
-5.530866298572198758e+01
-5.638786931047145146e+01
-5.743647466679787783e+01
-5.845405390181703353e+01
-5.944040471315229013e+01
-6.039517623142194225e+01
-6.131809187074681944e+01
-6.220872647824273827e+01
-6.306687775153301345e+01
-6.389226910473848164e+01
-6.468462395197994397e+01
-6.544396284138822750e+01
-6.617008347058666118e+01
-6.686285782070106620e+01
-6.752223215635973474e+01
-6.814807211876006932e+01
-6.874014370588309930e+01
-6.929828085928396320e+01
-6.982224323701528590e+01
-7.031186478063213485e+01
-7.076690514818713496e+01
-7.118719828123541049e+01
-7.157242955432707276e+01
-7.192265575952470158e+01
-7.223793368889094779e+01
-7.251750301596089798e+01
-7.276357475436967093e+01
-7.297464574262735937e+01
-7.315144132431910862e+01
-7.329394400800499909e+01
-7.340287913727017610e+01
-7.347748638564971202e+01
-7.351849109672872373e+01
-7.352587577906733429e+01
-7.349962294122565254e+01
-7.343897225673879348e+01
-7.334539190421683941e+01
-7.321737872216993992e+01
-7.305714372423318537e+01
-7.286318374891669691e+01
-7.263622413980557724e+01
-7.237699024048492902e+01
-7.208546455951487530e+01
-7.176266957449053052e+01
-7.140799352595198002e+01
-7.102216175748435489e+01
-7.060545391165777573e+01
-7.015822391454483409e+01
-6.968082569221816414e+01
-6.917353888724782962e+01
-6.863679170920897832e+01
-6.807086380067173081e+01
-6.747625765471367743e+01
-6.685347576441240847e+01
-6.620294633934307171e+01
-6.552524615608577108e+01
-6.482072914071309810e+01
-6.409004635330767030e+01
-6.333347743643962247e+01
-6.255174773369402885e+01
-6.174521117114352364e+01
-6.091444452536820364e+01
-6.006002457294821539e+01
-5.918245380696111368e+01
-5.828216043698203919e+01
-5.735979302776245703e+01
-5.641599016272922995e+01
-5.545123936297307665e+01
-5.446639956709722696e+01
-5.346203257969488476e+01
-5.243877448886178883e+01
-5.139726138269364242e+01
-5.033820363278869081e+01
-4.926223732724262305e+01
-4.817007283765367731e+01
-4.706227196861507878e+01
-4.593954509172504430e+01
-4.480260257858178363e+01
-4.365200623377853617e+01
-4.248846642891351166e+01
-4.131276781908742635e+01
-4.012547220889350541e+01
-3.892736425343246509e+01
-3.771915432430254356e+01
-3.650147850959943696e+01
-3.527512146442388996e+01
-3.404071927687159871e+01
-3.279898231854080848e+01
-3.155069524453221419e+01
-3.029649414294155463e+01
-2.903708938536705020e+01
-2.777319134340691065e+01
-2.650558467216186642e+01
-2.523483117622513205e+01
-2.396186407770242965e+01
-2.268731946468948379e+01
-2.141213055929200948e+01
-2.013685916610323190e+01
-1.886243850722886606e+01
-1.758950467076464008e+01
-1.631899087881626542e+01
-1.505145893597697260e+01
-1.378769349734747429e+01
-1.252847921802849562e+01
-1.127445218611575584e+01
-1.002632277320747534e+01
-8.784875634404375688e+00
-7.550769142852925775e+00
-6.324706241801098194e+00
-5.107337876045110470e+00
-3.899322418731436812e+00
-2.701333099707046603e+00
-1.514013435417909559e+00
-3.380463125663219492e-01
8.259165812164706022e-01
1.977184434786228628e+00
3.115054052941587326e+00
4.238816544544310894e+00
5.347777875156665139e+00
6.441221725290168010e+00
7.518439203806582150e+00
8.578795703070175804e+00
9.621552618541711510e+00
1.064620162453970664e+01
1.165208582837767715e+01
1.263854833736914074e+01
1.360515510933510619e+01
1.455110068458409600e+01
1.547587673743462489e+01
1.637897494220520400e+01
1.725988697321435339e+01
1.811795593777558722e+01
1.895274779370992135e+01
1.976375421533587229e+01
2.055046687697195296e+01
2.131230316943417691e+01
2.204897761754856589e+01
2.275990761213113345e+01
2.344480767800789422e+01
2.410331805650236703e+01
2.473500470543556062e+01
2.533943358262849799e+01
2.591617064590218789e+01
2.646500470358515855e+01
2.698550171349840809e+01
2.747722763346296304e+01
2.793982270480233510e+01
2.837300145234254600e+01
2.877632983390460097e+01
2.914952237431452531e+01
2.949221931489582360e+01
2.980428374747952702e+01
3.008543019689163955e+01
3.033544747146068588e+01
3.055405009601266997e+01
3.074110116237861234e+01
3.089624091188203536e+01
3.101940671985644471e+01
3.111046167813286090e+01
3.116926887854230088e+01
3.119569141291577452e+01
3.118951808958179939e+01
3.115076056737640187e+01
3.107920765462808177e+01
3.097487101017285838e+01
3.083775671530934304e+01
3.066792282468898279e+01
3.046519896491831858e+01
3.022963761311137887e+01
2.996121696287971758e+01
2.965998949133736673e+01
2.932585910859336664e+01
2.895895257526425226e+01
2.855939665196656918e+01
2.812716953231186068e+01
2.766232369341414454e+01
2.716491161238748475e+01
2.663506004984840558e+01
2.607297004991595557e+01
2.547884265670916903e+01
2.485302748135208262e+01
2.419565128446123836e+01
2.350706367716067646e+01
2.278746570356943479e+01
2.203713269130905417e+01
2.125626568449856890e+01
2.044521429426201919e+01
1.960425384822094941e+01
1.873358539049439742e+01
1.783348424870389692e+01
1.690430003397349523e+01
1.594623379042222133e+01
1.495963512917412608e+01
1.394500222835824133e+01
1.290268469909860372e+01
1.183303215251925700e+01
1.073654276674924191e+01
9.613491869410093926e+00
8.464377638630855571e+00
7.289668539139560366e+00
6.089810750613503743e+00
4.865295022831470639e+00
3.616612105572252656e+00
2.344230463563887312e+00
1.048639360915115004e+00
-2.696659955851261614e-01
-1.610125029665696150e+00
-2.972171222375256772e+00
-4.355224683732018320e+00
-5.758720380454690257e+00
-7.182093279261986041e+00
-8.624696635019866164e+00
-1.008609169640128833e+01
-1.156548315126721604e+01
-1.306237282148861034e+01
-1.457604129661187820e+01
-1.610584992241771118e+01
-1.765123594637224969e+01
-1.921156233243912581e+01
-2.078619204458198411e+01
-2.237433947975946325e+01
-2.397551616894019588e+01
-2.558886222558032486e+01
-2.721381489714598700e+01
-2.884966286409832037e+01
-3.049569480689847367e+01
-3.215127368951007014e+01
-3.381561390889175556e+01
-3.548800414550466087e+01
-3.716780736331243418e+01
-3.885431224277620998e+01
-4.054673318085462341e+01
-4.224435885800882318e+01
-4.394655223820244316e+01
-4.565252771839410428e+01
-4.736157397904497657e+01
-4.907305398411867259e+01
-5.078610784707133519e+01
-5.250017281536911895e+01
-5.421438900246815251e+01
-5.592804508882956327e+01
-5.764050403841699932e+01
-5.935083168118409702e+01
-6.105831669759199798e+01
-6.276224776810185091e+01
-6.446169072266727085e+01
-6.615600852525189168e+01
-6.784434128931189889e+01
-6.952612626231338311e+01
-7.120065212471749305e+01
-7.286683613947288052e+01
-7.452485838907067262e+01
-7.617400755397203227e+01
-7.781282947961305752e+01
-7.944061284645491128e+01
-8.105738916998372190e+01
-8.266244713066065231e+01
-8.425507540894679437e+01
-8.583381985027831718e+01
-8.739871197014137749e+01
-8.894829761397208756e+01
-9.048260829725657572e+01
-9.200018986543099686e+01
-9.350107383398149352e+01
-9.498454888336920021e+01
-9.644989988091634814e+01
-9.789639644138952690e+01
-9.932404720144141663e+01
-1.007306322926497302e+02
-1.021169031866921699e+02
-1.034813828501713999e+02
-1.048240799197401145e+02
-1.061450030320510081e+02
-1.074419323186817650e+02
-1.087156192513100734e+02
-1.099653296315636624e+02
-1.111895864260451816e+02
-1.123883982714072971e+02
-1.135610309692777662e+02
-1.147074931563092406e+02
-1.158270506341293924e+02
-1.169182263693409567e+02
-1.179810289985966278e+02
-1.190147243235240211e+02
-1.200200638158009099e+02
-1.209955704420299440e+02
-1.219412528388638322e+02
-1.228571196429552259e+02
-1.237424366559318827e+02
-1.245964696794214177e+02
-1.254199701851015618e+02
-1.262114611395750217e+02
-1.269716940145194570e+02
-1.276984489415125665e+02
-1.283932202272570180e+02
-1.290552736733805830e+02
-1.296831322464858260e+02
-1.302775474182505491e+02
-1.308370421552773735e+02
-1.313631107642690665e+02
-1.318542762118282212e+02
-1.323105471346075888e+02
-1.327319321692598351e+02
-1.331176971174126606e+02
-1.334671077806937944e+02
-1.337816584658058332e+02
-1.340606149743765627e+02
-1.343032431080336266e+02
-1.345095515034296909e+02
-1.346795487972175067e+02
-1.348139864610747338e+02
-1.349113874616040505e+02
-1.349725032704831449e+02
-1.349973425243647398e+02
-1.349859138599015012e+02
-1.349374777272794290e+02
-1.348520160059425734e+02
-1.347309908939433285e+02
-1.345728932492340562e+02
-1.343784424348421283e+02
-1.341476149787699228e+02
-1.338803874090198462e+02
-1.335782219236442074e+02
-1.332396093805954251e+02
-1.328652691429008428e+02
-1.324551777385628384e+02
-1.320093116955837900e+02
-1.315283903769910978e+02
-1.310109046407370670e+02
-1.304583166848741485e+02
-1.298698602023796411e+02
-1.292455117212559514e+02
-1.285852477695054858e+02
-1.278905305451805532e+02
-1.271613365762835315e+02
-1.263976423908168414e+02
-1.255994245167828325e+02
-1.247681451522338705e+02
-1.239037808251722907e+02
-1.230063080636005424e+02
-1.220771890655709768e+02
-1.211156575240609072e+02
-1.201231756371227277e+02
-1.190989770977338793e+02
-1.180452669389716931e+02
-1.169612788538134680e+02
-1.158477322052867038e+02
-1.147038606863686709e+02
-1.135311264951118062e+02
-1.123287633244934227e+02
-1.110967477025159411e+02
-1.098365418272316987e+02
-1.085466365565931142e+02
-1.072292369236775045e+02
-1.058835766214622964e+02
-1.045126035180498008e+02
-1.031155513064174585e+02
-1.016938821846175784e+02
-1.002483155156775751e+02
-9.878031349764980007e+01
-9.728910982351163739e+01
-9.577616669131543858e+01
-9.424146062906359589e+01
-9.268571099978346695e+01
-9.110815149645245015e+01
-8.951098587698926679e+01
-8.789344145857815249e+01
-8.625622995329472076e+01
-8.460080590823956470e+01
-8.292639536543831014e+01
-8.123519570701655823e+01
-7.952569013997489833e+01
-7.780081888146396807e+01
-7.605980797350936484e+01
-7.430336912818665951e+01
-7.253310545960152922e+01
-7.074965439632701703e+01
-6.895395050094624878e+01
-6.714685405253983674e+01
-6.532922533018839317e+01
-6.350192461297252322e+01
-6.166544076246030670e+01
-5.981996550620988984e+01
-5.796591342228686017e+01
-5.610369908875681944e+01
-5.423366280018287711e+01
-5.235607056762566458e+01
-5.047141125265325456e+01
-4.858069370135127230e+01
-4.668507532681032046e+01
-4.478571354212100175e+01
-4.288376576037392596e+01
-4.098024082765470411e+01
-3.907637044055643827e+01
-3.717316344516473237e+01
-3.527096013604270297e+01
-3.337024937475844411e+01
-3.147122288887007713e+01
-2.957422097294069729e+01
-2.767965820503592056e+01
-2.578772631271384697e+01
-2.389898844104508413e+01
-2.201415630210524199e+01
-2.013431302548242385e+01
-1.826031889025723842e+01
-1.639325702601778900e+01
-1.453398771184468607e+01
-1.268351979382354067e+01
-1.084278783453745199e+01
-9.012280695554530041e+00
-7.192687803899632470e+00
-5.384446022689112432e+00
-3.588133353694081595e+00
-1.804277285903944650e+00
-3.342165067865760647e-02
1.723906779370704356e+00
3.467201925186996991e+00
5.195959909761460160e+00
6.909676856085329000e+00
8.607848887149847528e+00
1.029000926769749746e+01
1.195564669236927458e+01
1.360417557230366015e+01
1.523478746813164975e+01
1.684667394048422295e+01
1.843895226648988128e+01
2.001073972327710138e+01
2.156122787147687703e+01
2.308945970471519615e+01
2.459477535062804421e+01
2.607681207086141484e+01
2.753557854457379150e+01
2.897071203341116430e+01
3.038222121653202734e+01
3.176981763908485590e+01
3.313343569672566247e+01
3.447286121810540749e+01
3.578750861436260067e+01
3.707694086364070785e+01
3.834049809357573935e+01
3.957774328231118233e+01
4.078794227398050509e+01
4.197073233022972261e+01
4.312545357869480256e+01
4.425166899751924632e+01
4.534886728134403455e+01
4.641661140831266152e+01
4.745431578956361562e+01
4.846161768674287629e+01
4.943793151098893901e+01
5.038289452394779744e+01
5.129636683777292205e+01
5.217828284812033246e+01
5.302872551765097597e+01
5.384748067501588054e+01
5.463463128287600767e+01
5.539003745338485629e+01
5.611370786570093827e+01
5.680550263197768857e+01
5.746520758086613512e+01
5.809283139152476849e+01
5.868815989260454558e+01
5.925105319625898659e+01
5.978144569814405429e+01
6.027912322691076241e+01
6.074401546317402989e+01
6.117603322738450800e+01
6.157493405794678409e+01
6.194069834377295081e+01
6.227315790677015173e+01
6.257214456884540965e+01
6.283756443540836756e+01
6.306947217887360324e+01
6.326784818815323064e+01
6.343274713566182754e+01
6.356422369381399307e+01
6.366233253502431211e+01
6.372712833170739799e+01
6.375859147277534333e+01
6.375685091414523242e+01
6.372203561173414954e+01
6.365412595445421573e+01
6.355339946522752825e+01
6.341983653296614420e+01
6.325356611358719761e+01
6.305471716300777985e+01
6.282364148765245915e+01
6.256054232694084760e+01
6.226577148729754896e+01
6.193960649164465337e+01
6.158247342990924267e+01
6.119457554151092182e+01
6.077626463287429459e+01
6.032781822692143692e+01
5.984943956307194668e+01
5.934140616424794246e+01
5.880392126986899370e+01
5.823733668635971128e+01
5.764178136963717947e+01
5.701760712612598070e+01
5.636509147874824066e+01
5.568466051743104117e+01
5.497659176509648660e+01
5.424131131167163744e+01
5.347917096358112587e+01
5.269044824374703495e+01
5.187556924209646780e+01
5.103496004855649915e+01
5.016912103655673150e+01
4.927840401252176861e+01
4.836330934988120589e+01
4.742433742206463165e+01
4.646191431899914193e+01
4.547639184710933336e+01
4.446841894682980012e+01
4.343827181142728477e+01
4.238651844955712988e+01
4.131350268971181094e+01
4.021979121089133002e+01
3.910580212509065490e+01
3.797202782780728825e+01
3.681896071453870434e+01
3.564731603128989690e+01
3.445773474056334607e+01
3.325078352135904680e+01
3.202702905267697986e+01
3.078718658052212120e+01
2.953189706739697939e+01
2.826157862529652220e+01
2.697679793322074460e+01
2.567812167016962732e+01
2.436611651514316890e+01
2.304127486363883648e+01
2.170416339465662858e+01
2.035527450369403013e+01
1.899524915325352481e+01
1.762472830583759631e+01
1.624420435694374021e+01
1.485431826907443309e+01
1.345578528823466691e+01
1.204902352641942365e+01
1.063482251313619287e+01
9.213600360379960108e+00
7.786027744054209165e+00
6.352641629757930453e+00
4.914008696491107386e+00
3.470703051603976963e+00
2.023298802446773514e+00
5.723470284839604627e-01
-8.816279328809020210e-01
-2.338113629604652299e+00
-3.796609495004529489e+00
-5.256608276882547948e+00
-6.717602723040720036e+00
-8.179026154479061006e+00
-9.640475315903083597e+00
-1.110123496130780119e+01
-1.256073841169323124e+01
-1.401827042105438359e+01
-1.547333859389377153e+01
-1.692522768420641199e+01
-1.837337101299231890e+01
-1.981712761774900500e+01
-2.125570796896898074e+01
-2.268854538765226536e+01
-2.411492134158937262e+01
-2.553410415375285325e+01
-2.694535886091074417e+01
-2.834802478333361009e+01
-2.974144124129198730e+01
-3.112517040556391734e+01
-3.249892301393247607e+01
-3.386248408768318541e+01
-3.521541579759409757e+01
-3.655742888144827418e+01
-3.788815979352624908e+01
-3.920739355511358326e+01
-4.051469233698832539e+01
-4.180946974292350404e+01
-4.309136222719968856e+01
-4.435993196059492050e+01
-4.561474111388725561e+01
-4.685527757435222895e+01
-4.808110351276789629e+01
-4.929148396590230163e+01
-5.048575825402599548e+01
-5.166326569740953545e+01
-5.282319704931845905e+01
-5.396496591352582328e+01
-5.508776304329715856e+01
-5.619100204240554319e+01
-5.727476506614649310e+01
-5.833898570281058937e+01
-5.938374610769334794e+01
-6.040912843609033445e+01
-6.141528912679959973e+01
-6.240216176811169646e+01
-6.336982851532215477e+01
-6.431770297220403165e+01
-6.524512445902789182e+01
-6.615150657956674252e+01
-6.703618865409117689e+01
-6.789858428637424481e+01
-6.873810708018893934e+01
-6.955409635580586780e+01
-7.034648570151554736e+01
-7.111520870560853780e+01
-7.185997610586788653e+01
-7.258139004210664780e+01
-7.327871555109284429e+01
-7.395270333964457166e+01
-7.460261844452982416e+01
-7.522846873754167518e+01
-7.582951925544819005e+01
-7.640726354009238719e+01
-7.696096279093477222e+01
-7.748986285820551245e+01
-7.799394858985228041e+01
-7.847320483382267753e+01
-7.892835927308935595e+01
-7.935865392057492329e+01
-7.976333078920202979e+01
-8.014386039696829300e+01
-8.049874192177134091e+01
-8.082796021155883182e+01
-8.113298578432836905e+01
-8.141157498295258677e+01
-8.166594116045413898e+01
-8.189458349473061105e+01
-8.209748683372968969e+01
-8.227612169544897824e+01
-8.242898725778611890e+01
-8.255681120371370696e+01
-8.265957838117941492e+01
-8.273727363813085844e+01
-8.278988182251566741e+01
-8.281813061730647973e+01
-8.282126203542591725e+01
-8.280000375984661787e+01
-8.275434063851619726e+01
-8.268351468435730567e+01
-8.258899641536758907e+01
-8.247077067949463469e+01
-8.232807948966109279e+01
-8.216239336386460934e+01
-8.197221148000279811e+01
-8.175900435607330508e+01
-8.152275684002376011e+01
-8.126345377980176465e+01
-8.098182285837998506e+01
-8.067636325365603511e+01
-8.034928831865255461e+01
-7.999984006629217959e+01
-7.962800334452249729e+01
-7.923450583631620248e+01
-7.882007522464589044e+01
-7.838395352243421144e+01
-7.792761124767876879e+01
-7.745029041330221276e+01
-7.695346153730217509e+01
-7.643636663260127762e+01
-7.589973338217215826e+01
-7.534428946898744073e+01
-7.477001974099476911e+01
-7.417765188116676711e+01
-7.356642684256564735e+01
-7.293780984388702393e+01
-7.229103653889103498e+01
-7.162742251940790084e+01
-7.094709484122773802e+01
-7.025032912714578970e+01
-6.953754956696218414e+01
-6.880918035047713488e+01
-6.806557138398828499e+01
-6.730714685729583380e+01
-6.653433096019995219e+01
-6.574739931549579808e+01
-6.494699896349106893e+01
-6.413333124347843750e+01
-6.330689462876058826e+01
-6.246818759264018439e+01
-6.161748575791239091e+01
-6.075521331437742845e+01
-5.988194301884043114e+01
-5.899787621059410014e+01
-5.810358564644359092e+01
-5.719942123268659628e+01
-5.628580715912328714e+01
-5.536316761555384147e+01
-5.443192679177843729e+01
-5.349265744460223715e+01
-5.254578376382544747e+01
-5.159187850625321659e+01
-5.063129157818323733e+01
-4.966459573642068648e+01
-4.869228945426822719e+01
-4.771472263802354519e+01
-4.673239376098931785e+01
-4.574572701296571609e+01
-4.475514658375292498e+01
-4.376100237964860895e+01
-4.276386715745795897e+01
-4.176409082347863944e+01
-4.076209756751084257e+01
-3.975838586285723153e+01
-3.875345418282047660e+01
-3.774772671720077710e+01
-3.674162765579828971e+01
-3.573565547191569891e+01
-3.473023435535317560e+01
-3.372586277941340427e+01
-3.272289065039405642e+01
-3.172174215809532072e+01
-3.072291577581985322e+01
-2.972676140986534321e+01
-2.873370569750092685e+01
-2.774425934937409721e+01
-2.675878695659628903e+01
-2.577772739378145417e+01
-2.480151953554355160e+01
-2.383067653999901836e+01
-2.286548871475680400e+01
-2.190654350143585916e+01
-2.095420549114762920e+01
-2.000883927500356663e+01
-1.907088372761761619e+01
-1.814062915659872743e+01
-1.721851443656084513e+01
-1.630497844211792469e+01
-1.540031148087890500e+01
-1.450495242745773972e+01
-1.361919158946337483e+01
-1.274346784150976220e+01
-1.187807149120584604e+01
-1.102336712966307530e+01
-1.017979363149539829e+01
-9.347567020809263383e+00
-8.527126172218617128e+00
-7.718798535083660539e+00
-6.922837275262087253e+00
-6.139569842114100062e+00
-5.369279114898394489e+00
-4.612285114624921079e+00
-3.868878148902624048e+00
-3.139363382040954775e+00
-2.424016264948359645e+00
-1.723089963482536957e+00
-1.036868099737210391e+00
-3.656082965802276430e-01
2.904169664200630385e-01
9.309426380455638750e-01
1.555714809603551352e+00
2.164532313688077636e+00
2.757186554542944368e+00
3.333491221462703713e+00
3.893252575391658254e+00
4.436269448923859215e+00
4.962362959704107901e+00
5.471331940326456866e+00
5.963027221836707525e+00
6.437307063630913539e+00
6.894022296754874546e+00
7.333046037305144260e+00
7.754147404474771577e+00
8.157333224664812477e+00
8.542310004549776181e+00
8.909142925450524331e+00
9.257596848961366476e+00
9.587659487184124529e+00
9.899169985215614531e+00
1.019211605515765307e+01
1.046641112560955733e+01
1.072189434166814337e+01
1.095862769893772892e+01
1.117645034251513181e+01
1.137549855150716915e+01
1.155568575451315638e+01
1.171692538013241247e+01
1.185920514046675223e+01
1.198258703112049339e+01
1.208698448069295495e+01
1.217245948478844930e+01
1.223899975550880015e+01
1.228651872145331758e+01
1.231522694523132522e+01
1.232488928843713438e+01
1.231571631368006337e+01
1.228777001656443346e+01
1.224103810919205593e+01
1.217580543767475021e+01
1.209205971411433644e+01
1.198986293411512349e+01
1.186949994378893614e+01
1.173095845523758918e+01
1.157437474756789975e+01
1.139981081638418381e+01
1.120755150779825726e+01
1.099751025040943908e+01
1.076997189032954871e+01
1.052492413966039742e+01
1.026257756101130525e+01
9.983068433489089344e+00
9.686607319703066210e+00
9.373330498760054752e+00
9.043448533269367928e+00
8.697171985840327579e+00
8.334711419082248440e+00
7.956203112101944974e+00
7.561783344006236973e+00
7.151796387708943215e+00
6.726400807367626022e+00
6.285814593941856820e+00
5.830248310040950344e+00
5.359912518274223103e+00
4.875047494651993496e+00
4.375922351041647396e+00
3.862832402535843368e+00
3.336072086683309568e+00
2.795920984332274539e+00
2.242688389731967380e+00
1.676653883730614636e+00
1.098106704031770908e+00
5.073414367511691614e-01
-9.535238327362784150e-02
-7.096813584629262373e-01
-1.335360856690328113e+00
-1.972097926077155172e+00
-2.619605557424929287e+00
-3.277574456484422250e+00
-3.945695329006405849e+00
-4.623621738990401298e+00
-5.311036963836930802e+00
-6.007601995895766933e+00
-6.712977827516680485e+00
-7.426870021150942414e+00
-8.148865285645825907e+00
-8.878758323655601359e+00
-9.616046703824540742e+00
-1.036052512880691800e+01
-1.111176545074950361e+01
-1.186948808880406858e+01
-1.263333917861988631e+01
-1.340289057234372549e+01
-1.417793697262986186e+01
-1.495805023162506409e+01
-1.574295076848110497e+01
-1.653221043534475854e+01
-1.732554965136778691e+01
-1.812254026869698009e+01
-1.892290270648409134e+01
-1.972628310037839938e+01
-2.053232758602918295e+01
-2.134060801558320364e+01
-2.215077052468973662e+01
-2.296253553250055290e+01
-2.377547489116243185e+01
-2.458930901982713024e+01
-2.540353548713893517e+01
-2.621802327925461285e+01
-2.703226996481842903e+01
-2.784599596298216184e+01
-2.865884740939507580e+01
-2.947047043970646030e+01
-3.028058547306806503e+01
-3.108876436162667645e+01
-3.189479983035307598e+01
-3.269817955947409160e+01
-3.349876066904556637e+01
-3.429602886161084996e+01
-3.508976697372328601e+01
-3.587953499142871294e+01
-3.666504146777798212e+01
-3.744599495582193782e+01
-3.822202972510891783e+01
-3.899270576168476765e+01
-3.975788018560534454e+01
-4.051711298291647267e+01
-4.127003842316651827e+01
-4.201651362641130305e+01
-4.275602429519418024e+01
-4.348842754957099999e+01
-4.421343194259259946e+01
-4.493067174380733064e+01
-4.563985550626603072e+01
-4.634076606652205044e+01
-4.703303769412372048e+01
-4.771645322562440583e+01
-4.839072121407492943e+01
-4.905555021252614267e+01
-4.971064877402891113e+01
-5.035579973513654295e+01
-5.099078593240240309e+01
-5.161524163537483645e+01
-5.222894968060717957e+01
-5.283176718815528261e+01
-5.342340271106998983e+01
-5.400363908590464490e+01
-5.457225914921258436e+01
-5.512897145404466670e+01
-5.567355883695421426e+01
-5.620595270149959788e+01
-5.672586160073166184e+01
-5.723314265470622786e+01
-5.772750441647414732e+01
-5.820887828959375554e+01
-5.867704711061843170e+01
-5.913171943259898455e+01
-5.957290094259627722e+01
-6.000030019366114686e+01
-6.041377430584942942e+01
-6.081318039921698215e+01
-6.119837559381965519e+01
-6.156914272621078510e+01
-6.192533891644620780e+01
-6.226704413508927161e+01
-6.259411295397685393e+01
-6.290638975207001238e+01
-6.320386492711575954e+01
-6.348645459335868679e+01
-6.375400058154085770e+01
-6.400649328940932037e+01
-6.424384883120865197e+01
-6.446590903768091607e+01
-6.467273859007565306e+01
-6.486410503563244845e+01
-6.503999877209835745e+01
-6.520041019722042108e+01
-6.534518114174073844e+01
-6.547437628690886413e+01
-6.558798603047183917e+01
-6.568592648667421940e+01
-6.576818805326311690e+01
-6.583476112798557267e+01
-6.588563610858861352e+01
-6.592087767632183670e+01
-6.594047622893229743e+01
-6.594442216416705094e+01
-6.593278016327566604e+01
-6.590561490750769735e+01
-6.586291679461021431e+01
-6.580467622233028635e+01
-6.573103215541998168e+01
-6.564197499162634131e+01
-6.553756941219893406e+01
-6.541773153138231578e+01
-6.528267459743106826e+01
-6.513231472458973315e+01
-6.496671659410789346e+01
-6.478601917073760319e+01
-6.459036141923091634e+01
-6.437995658784240049e+01
-6.415479507431912509e+01
-6.391516441041814289e+01
-6.366112927738902272e+01
-6.339282863998380435e+01
-6.311047574645709091e+01
-6.281406099455590919e+01
-6.250379763253484811e+01
-6.217975034164346937e+01
-6.184213237013629794e+01
-6.149093411576043877e+01
-6.112644311027294464e+01
-6.074864975142084944e+01
-6.035791585446374796e+01
-5.995438038415369419e+01
-5.953825579535952528e+01
-5.910960280240210096e+01
-5.866877846022664755e+01
-5.821591697327078663e+01
-5.775115254597218950e+01
-5.727469366627102687e+01
-5.678682310560997593e+01
-5.628760078492418728e+01
-5.577730947565633102e+01
-5.525615766574656362e+01
-5.472427955963257773e+01
-5.418203221225951438e+01
-5.362947554456253130e+01
-5.306711517849182513e+01
-5.249501103498253940e+01
-5.191352016897984356e+01
-5.132285106842390121e+01
-5.072336078825989603e+01
-5.011510924942296441e+01
-4.949852779036078232e+01
-4.887382489901352756e+01
-4.824113477981885723e+01
-4.760081448772194079e+01
-4.695299822716042826e+01
-4.629804305307950330e+01
-4.563623173692182888e+01
-4.496769848312505502e+01
-4.429272606313186600e+01
-4.361174581538992356e+01
-4.292481766083438544e+01
-4.223237293791292046e+01
-4.153454585106319996e+01
-4.083169345523037919e+01
-4.012402423835463594e+01
-3.941189525538112548e+01
-3.869551499425001850e+01
-3.797524050990648448e+01
-3.725120600678816629e+01
-3.652384282334276122e+01
-3.579328516400791926e+01
-3.505989008372880278e+01
-3.432386607044557536e+01
-3.358549589560092130e+01
-3.284513661413998875e+01
-3.210292243050044902e+01
-3.135913611612496865e+01
-3.061420900946120938e+01
-2.986820103144433958e+01
-2.912161780402452038e+01
-2.837459353163941955e+01
-2.762748673036156077e+01
-2.688058747727032838e+01
-2.613418731057248579e+01
-2.538857776847478220e+01
-2.464397610568146035e+01
-2.390059957689677361e+01
-2.315881400382997768e+01
-2.241883664118531883e+01
-2.168088474366705043e+01
-2.094532413298441753e+01
-2.021229778033917412e+01
-1.948217150744056525e+01
-1.875516256899285139e+01
-1.803148821970027527e+01
-1.731136571426708670e+01
-1.659523515790504433e+01
-1.588316523831338856e+01
-1.517552177720137152e+01
-1.447252202927324838e+01
-1.377430896573076602e+01
-1.308124840828317836e+01
-1.239348332813223053e+01
-1.171130526348467527e+01
-1.103493146904476241e+01
-1.036465348301924294e+01
-9.700539993107367920e+00
-9.042956821018385938e+00
-8.392046937954049213e+00
-7.748012741918107515e+00
-7.111108629366058587e+00
-6.481529569951407055e+00
-5.859477961677900026e+00
-5.245126489148288940e+00
-4.638677550366324454e+00
-4.040318686635255396e+00
-3.450222582557834983e+00
-2.868599064488060790e+00
-2.295613388678434230e+00
-1.731445668081955880e+00
-1.176255959105950932e+00
-6.302058038277941199e-01
-9.345822999491168459e-02
4.338148206249717309e-01
9.514584914697054030e-01
1.459314954637039419e+00
1.957241238925222948e+00
2.445131514883756019e+00
2.922850239661137550e+00
3.390276727106368515e+00
3.847282862718198082e+00
4.293738504244255516e+00
4.729527683478445432e+00
5.154517547763052043e+00
5.568619814541858837e+00
5.971716487857651856e+00
6.363697000103462287e+00
6.744450783672324867e+00
7.113852414256776058e+00
7.471902749503597896e+00
7.818372368201825573e+00
8.153328983150492704e+00
8.476691740143634135e+00
8.788454068477783210e+00
9.088460830444471839e+00
9.376779738842740741e+00
9.653255655964118276e+00
9.917882011105138673e+00
1.017065223356234149e+01
1.041155975263225564e+01
1.064044943060641479e+01
1.085738898028385613e+01
1.106237183096111387e+01
1.125524284492972171e+01
1.143606973498871149e+01
1.160484593043461921e+01
1.176156486056397732e+01
1.190629423817582477e+01
1.203895320906419109e+01
1.215968376953060925e+01
1.226833078186662007e+01
1.236496195887125005e+01
1.244964501334353990e+01
1.252237337458002031e+01
1.258321475537972489e+01
1.263216258503918965e+01
1.266921029285494704e+01
1.269442559162603246e+01
1.270787619415147951e+01
1.270962981323032004e+01
1.269982844516409415e+01
1.267839123574683136e+01
1.264553446478256760e+01
1.260125156156783710e+01
1.254568452240417109e+01
1.247890106009060673e+01
1.240096888742617942e+01
1.231195571720991744e+01
1.221200354574336266e+01
1.210118008582554339e+01
1.197955305025549499e+01
1.184726369483451514e+01
1.170437602986043402e+01
1.155110189213584704e+01
1.138743026795585145e+01
1.121357299412304265e+01
1.102959334043501372e+01
1.083570314369436005e+01
1.063196567369867473e+01
1.041859276725055317e+01
1.019557341064509259e+01
9.963268007689887185e+00
9.721665544680028859e+00
9.470977858418114792e+00
9.211342502204241001e+00
8.942971312841001108e+00
8.665927560125988194e+00
8.380423080861799434e+00
8.086521144846031461e+00
7.784507872383773730e+00
7.474520816775124032e+00
7.156652961218677333e+00
6.831093857466281172e+00
6.498033057269775092e+00
6.157674969081505800e+00
5.810201716303070363e+00
5.455825135737061515e+00
5.094719922434824966e+00
4.727105341549204809e+00
4.353156088131546753e+00
3.973061713933695227e+00
3.587004342357245079e+00
3.195166096803791156e+00
2.797721672324678721e+00
2.394860620671751761e+00
1.986765065246606010e+00
1.573602272750336040e+00
1.155584079985536361e+00
7.329037528791773060e-01
3.057523288531533989e-01
-1.256702406503402980e-01
-5.611699468693090997e-01
-1.000540152846333131e+00
-1.443598735179817183e+00
-1.890133857067166856e+00
-2.339948538406287248e+00
-2.792838370744833210e+00
-3.248606373980710060e+00
-3.707048139661573760e+00
-4.167959259335077604e+00
-4.631142752899127579e+00
-5.096408095257189963e+00
-5.563560867933969867e+00
-6.032398250759236191e+00
-6.502724851913002091e+00
-6.974374992976286158e+00
-7.447108712027604049e+00
-7.920686047145477637e+00
-8.395037888464166542e+00
-8.869797992107937290e+00
-9.344897248211063712e+00
-9.819969412897807004e+00
-1.029494537630243300e+01
-1.076953317805171295e+01
-1.124351514127491036e+01
-1.171674787260379169e+01
-1.218908797867012339e+01
-1.266024349910067670e+01
-1.313007104052720742e+01
-1.359842720958149442e+01
-1.406502004589030186e+01
-1.452985472309038961e+01
-1.499256499730602776e+01
-1.545308175867148570e+01
-1.591111304681352756e+01
-1.636658975186641740e+01
-1.681929419695942940e+01
-1.726900870522182885e+01
-1.771551559978287216e+01
-1.815882005427933876e+01
-1.859855582483548986e+01
-1.903472808508808711e+01
-1.946704487466390177e+01
-1.989543708369720676e+01
-2.031968703531726206e+01
-2.073972561965832995e+01
-2.115526087634718522e+01
-2.156629797902059309e+01
-2.197254496730531415e+01
-2.237393273133562133e+01
-2.277039216124578047e+01
-2.316163129666255927e+01
-2.354758102772021644e+01
-2.392817224455302849e+01
-2.430318727029025894e+01
-2.467248271156367423e+01
-2.503606374201003604e+01
-2.539371268475861498e+01
-2.574528614644118107e+01
-2.609071501719199659e+01
-2.642985590364282800e+01
-2.676263814539892394e+01
-2.708898487994943594e+01
-2.740874341075198473e+01
-2.772176104126420171e+01
-2.802803364194872771e+01
-2.832748279976567574e+01
-2.861988153467018492e+01
-2.890522571712487832e+01
-2.918343693408989736e+01
-2.945443677252534798e+01
-2.971814681939138580e+01
-2.997441437814562093e+01
-3.022330960275319001e+01
-3.046467979667171377e+01
-3.069837226335883429e+01
-3.092445715677967399e+01
-3.114285606389436722e+01
-3.135341628816052761e+01
-3.155613370004079599e+01
-3.175092988649530668e+01
-3.193780071798667564e+01
-3.211666778147503720e+01
-3.228760123092552448e+01
-3.245044836979576530e+01
-3.260527935205088568e+01
-3.275209004815351221e+01
-3.289080204506377925e+01
-3.302141121324431339e+01
-3.314391342315774125e+01
-3.325823026176419717e+01
-3.336443188302881424e+01
-3.346251415741421198e+01
-3.355232438837801823e+01
-3.363400701338786547e+01
-3.370748361940388804e+01
-3.377275007688870545e+01
-3.382995082330995729e+01
-3.387900744562776367e+01
-3.391991581430475833e+01
-3.395274608330606014e+01
-3.397749412309431705e+01
-3.399415580413214855e+01
-3.400287556388717292e+01
-3.400350070581704642e+01
-3.399617566738936603e+01
-3.398089631906678676e+01
-3.395773281481441330e+01
-3.392660674159239420e+01
-3.388773682037085422e+01
-3.384104463810991348e+01
-3.378667398976437397e+01
-3.372461753323265299e+01
-3.365509013440782127e+01
-3.357808380867547982e+01
-3.349366485492368639e+01
-3.340197385554304077e+01
-3.330292854241662326e+01
-3.319674378143751881e+01
-3.308341158799130000e+01
-3.296299826096603880e+01
-3.283564438275234210e+01
-3.270141625223827475e+01
-3.256038016831192294e+01
-3.241252814635886637e+01
-3.225814933577468935e+01
-3.209723575194497158e+01
-3.192985369375779925e+01
-3.175621802710624308e+01
-3.157624648387339406e+01
-3.139022821345483649e+01
-3.119815523123614653e+01
-3.100016811960789553e+01
-3.079648174446318620e+01
-3.058701383768509530e+01
-3.037205354866918583e+01
-3.015159289280106236e+01
-2.992577245247129625e+01
-2.969473281007045884e+01
-2.945861454798915346e+01
-2.921740968161294916e+01
-2.897133307683493442e+01
-2.872045103254317411e+01
-2.846490413112826801e+01
-2.820475867147829163e+01
-2.794022951948632993e+01
-2.767145725754296492e+01
-2.739850818453626502e+01
-2.712167144986182521e+01
-2.684093906890522874e+01
-2.655652590755954279e+01
-2.626849826471286420e+01
-2.597714528976076664e+01
-2.568238471458633398e+01
-2.538443140508264761e+01
-2.508342594364028955e+01
-2.477950891264984179e+01
-2.447267232749688048e+01
-2.416327962107950000e+01
-2.385124852528077000e+01
-2.353686818949627479e+01
-2.322020553814603261e+01
-2.290147856478278143e+01
-2.258075732148619963e+01
-2.225818614383845429e+01
-2.193398365092422608e+01
-2.160814561132069045e+01
-2.128096492761501324e+01
-2.095251165188687992e+01
-2.062293011971845402e+01
-2.029229038318941747e+01
-1.996081106138444028e+01
-1.962856220638319726e+01
-1.929583672077286849e+01
-1.896263037313061517e+01
-1.862908749903862926e+01
-1.829550100108406951e+01
-1.796186664784412201e+01
-1.762840305840344968e+01
-1.729518028484173797e+01
-1.696241694624365692e+01
-1.663025737819137362e+01
-1.629869734926207414e+01
-1.596795547854042674e+01
-1.563817610160860561e+01
-1.530942927054628200e+01
-1.498193360443813837e+01
-1.465568487186134483e+01
-1.433090169190057139e+01
-1.400765411663550175e+01
-1.368616076515080060e+01
-1.336641740602364870e+01
-1.304871694184121544e+01
-1.273298085767818222e+01
-1.241942777261921727e+01
-1.210820202224649478e+01
-1.179929937513719373e+01
-1.149301273387848177e+01
-1.118926358354504025e+01
-1.088834482672404036e+01
-1.059017794849015459e+01
-1.029498156792806007e+01
-1.000282573711742806e+01
-9.713854791640438080e+00
-9.428138783576759607e+00
-9.145747765006067453e+00
-8.866751788008038204e+00
-8.591369471667343660e+00
-8.319670868063660407e+00
-8.051577462271660934e+00
-7.787382156878521755e+00
-7.527074427370253673e+00
-7.270759715522980393e+00
-7.018544598371914134e+00
-6.770505939551265229e+00
-6.526713174344995316e+00
-6.287250594737564313e+00
-6.052187636012936522e+00
-5.821601161805322278e+00
-5.595575464099181495e+00
-5.374179978178477590e+00
-5.157476710976921730e+00
-4.945520241077974610e+00
-4.738380003765596982e+00
-4.536118005973501788e+00
-4.338788826285150613e+00
-4.146447043284003264e+00
-3.959162092254023158e+00
-3.776973695078170046e+00
-3.599929001989656818e+00
-3.428075163221693256e+00
-3.261459329007491803e+00
-3.100121221230014434e+00
-2.944115418472721402e+00
-2.793481642618574678e+00
-2.648237330499786157e+00
-2.508422203999316480e+00
-2.374046271599127955e+00
-2.245134398481681171e+00
-2.121718878179688073e+00
-2.003824575875609693e+00
-1.891461500051408118e+00
-1.784647087539294352e+00
-1.683398775171479844e+00
-1.587719143079675987e+00
-1.497625628096094674e+00
-1.413120810352446632e+00
-1.334222126680943976e+00
-1.260932157213297655e+00
-1.193253482081219286e+00
-1.131173824715920428e+00
-1.074688336898862451e+00
-1.023784742061256692e+00
-9.784581919845647402e-01
-9.387038384502479627e-01
-9.045019765392678934e-01
-8.758477580330857881e-01
-8.527214780126632920e-01
-8.350960032087116902e-01
-8.229590570524425441e-01
-8.162835062745672499e-01
-8.150650480194037151e-01
-8.192718474816959029e-01
-8.288726152190443175e-01
-8.438286334387995469e-01
-8.640863276478119026e-01
-8.896218367539318050e-01
-9.203890146142599260e-01
-9.563417150858967153e-01
-9.974412203761924278e-01
-1.043641384342247846e+00
-1.094888632490913061e+00
-1.151129390329039159e+00
-1.212324940063975953e+00
-1.278421707202574087e+00
-1.349366117251684205e+00
-1.425104595718156952e+00
-1.505583568108842307e+00
-1.590727174879841055e+00
-1.680481841538003840e+00
-1.774779136889680586e+00
-1.873550629741222107e+00
-1.976735317249229018e+00
-2.084264768220051689e+00
-2.196070551460040488e+00
-2.312069379075045727e+00
-2.432192819871418443e+00
-2.556365014305258310e+00
-2.684510102832666334e+00
-2.816552225909743079e+00
-2.952415523992588664e+00
-3.092024137537304096e+00
-3.235294778649739023e+00
-3.382144159435744424e+00
-3.532503848701670890e+00
-3.686297986903618984e+00
-3.843428429446939187e+00
-4.003834173488231229e+00
-4.167409646082596453e+00
-4.334064130985633589e+00
-4.503706911952946257e+00
-4.676247272740131855e+00
-4.851579640402293059e+00
-5.029620727045278628e+00
-5.210279816424690402e+00
-5.393451335595628393e+00
-5.579051996663943136e+00
-5.766998511735484279e+00
-5.957200164565852774e+00
-6.149566238910650462e+00
-6.343998590175226049e+00
-6.540413531758403565e+00
-6.738710925530402740e+00
-6.938767949603663610e+00
-7.140588064044878891e+00
-7.343914736661989018e+00
-7.548751427521684931e+00
-7.755027313188162630e+00
-7.962523003220607798e+00
-8.171241957685715818e+00
-8.381113353147677358e+00
-8.591917799165685210e+00
-8.803584472303930042e+00
-9.016116832629101907e+00
-9.229295489700396260e+00
-9.443123903584501377e+00
-9.657456967343110321e+00
-9.872149574037912600e+00
-1.008720518373560360e+01
-1.030240440599537166e+01
-1.051775070088391217e+01
-1.073309896146291109e+01
-1.094837836429656619e+01
-1.116344380244656342e+01
-1.137822445247709702e+01
-1.159264949095236297e+01
-1.180664809443654484e+01
-1.202000087248883986e+01
-1.223278556867843747e+01
-1.244478279256452957e+01
-1.265592172071130861e+01
-1.286613152968296525e+01
-1.307534139604369017e+01
-1.328348049635767936e+01
-1.349040372368661878e+01
-1.369604025459470620e+01
-1.390031926564612519e+01
-1.410309564990257414e+01
-1.430437286743074488e+01
-1.450400581129232158e+01
-1.470199794155400319e+01
-1.489820415127748277e+01
-1.509247933352444448e+01
-1.528490123186408312e+01
-1.547525045585559411e+01
-1.566353046556566042e+01
-1.584959615405598576e+01
-1.603345098139325486e+01
-1.621494984063915368e+01
-1.639402190835788531e+01
-1.657067064461613626e+01
-1.674475011148996728e+01
-1.691618533061544483e+01
-1.708497477614549709e+01
-1.725104263873055288e+01
-1.741423882551854874e+01
-1.757463609416491934e+01
-1.773215863532008996e+01
-1.788658207262950128e+01
-1.803805344725107673e+01
-1.818634838283025346e+01
-1.833153963702246259e+01
-1.847347711697563710e+01
-1.861215929684270876e+01
-1.874751036727410991e+01
-1.887945451892026938e+01
-1.900799022593412246e+01
-1.913304167896610153e+01
-1.925460735216914188e+01
-1.937261143619366877e+01
-1.948705240519261395e+01
-1.959778016631392106e+01
-1.970494176071550640e+01
-1.980831281204281424e+01
-1.990789179444877277e+01
-2.000375146558881667e+01
-2.009574173261086827e+01
-2.018386106966787352e+01
-2.026810795091275352e+01
-2.034840656699595129e+01
-2.042475539207039148e+01
-2.049715290028900228e+01
-2.056559756580472254e+01
-2.063008786277048401e+01
-2.069054798183672261e+01
-2.074697639715635589e+01
-2.079937158288233334e+01
-2.084773201316757607e+01
-2.089205616216502648e+01
-2.093226822052510272e+01
-2.096844094590324659e+01
-2.100049852894989044e+01
-2.102843944381795893e+01
-2.105233644816289384e+01
-2.107203944913262106e+01
-2.108769548788507464e+01
-2.109922875507068696e+01
-2.110663772484239331e+01
-2.110999515485561417e+01
-2.110922523576079612e+01
-2.110440072521336319e+01
-2.109544535713413183e+01
-2.108250388903293526e+01
-2.106549777118249267e+01
-2.104442273735801905e+01
-2.101934880483723234e+01
-2.099027170739535464e+01
-2.095726146231008968e+01
-2.092023951985416375e+01
-2.087927589730529476e+01
-2.083436632843869418e+01
-2.078550654702958767e+01
-2.073276657035568249e+01
-2.067614213219219366e+01
-2.061570324981685332e+01
-2.055144565700486226e+01
-2.048343937103394552e+01
-2.041175440918181749e+01
-2.033638650522369673e+01
-2.025740567643729761e+01
-2.017488194010034164e+01
-2.008873674648554086e+01
-1.999911439637311616e+01
-1.990608490704077838e+01
-1.980956972876125022e+01
-1.970963887881224608e+01
-1.960643665797397972e+01
-1.949988451651918098e+01
-1.939005247172554647e+01
-1.927701054087081189e+01
-1.916082874123268454e+01
-1.904150280658637939e+01
-1.891917703771212089e+01
-1.879384716838512048e+01
-1.866558321588309610e+01
-1.853438091398126630e+01
-1.840038456345984841e+01
-1.826351561459155093e+01
-1.812399265165910123e+01
-1.798173712493521137e+01
-1.783689333520010223e+01
-1.768945701622898525e+01
-1.753949818529958193e+01
-1.738708685968960310e+01
-1.723229305667677380e+01
-1.707518679353880486e+01
-1.691576380405091484e+01
-1.675424267249582044e+01
-1.659061913264874022e+01
-1.642496320178738500e+01
-1.625727061368698401e+01
-1.608768589325906362e+01
-1.591620589493546412e+01
-1.574290198078184666e+01
-1.556791979636635936e+01
-1.539118213674966462e+01
-1.521290893100241881e+01
-1.503302297418527544e+01
-1.485174419536889800e+01
-1.466906967311643761e+01
-1.448499648599105427e+01
-1.429974456306340436e+01
-1.411323669939414138e+01
-1.392569282405392883e+01
-1.373711001560591960e+01
-1.354748535261327369e+01
-1.335703876414664037e+01
-1.316569304526668382e+01
-1.297366812504406042e+01
-1.278088679853942544e+01
-1.258749471132093589e+01
-1.239356322545424938e+01
-1.219916370300502351e+01
-1.200436750603891412e+01
-1.180917171311907587e+01
-1.161372196981367111e+01
-1.141801535468585271e+01
-1.122219751330377946e+01
-1.102633980773310718e+01
-1.083043931653699232e+01
-1.063464168528359721e+01
-1.043894399253607119e+01
-1.024349188386257303e+01
-1.004835672132876390e+01
-9.853535583497798456e+00
-9.659174115937833704e+00
-9.465269397212024316e+00
-9.271892789386029676e+00
-9.079115654525507395e+00
-8.887009354696111529e+00
-8.695645251963501465e+00
-8.505020424890833652e+00
-8.315280519046266861e+00
-8.126496896495451594e+00
-7.938592352299053800e+00
-7.751786815527723640e+00
-7.566077364744622891e+00
-7.381490791913903671e+00
-7.198128172502225475e+00
-7.016031155174246692e+00
-6.835248816944870853e+00
-6.655838257831683258e+00
-6.477858956461973960e+00
-6.301363557765204071e+00
-6.126419563371340082e+00
-5.953072189859596186e+00
-5.781366653809188350e+00
-5.611370456850079513e+00
-5.443128815561483869e+00
-5.276701803223119214e+00
-5.112127208063945716e+00
-4.949465103363681173e+00
-4.788768134051789360e+00
-4.630059231656734831e+00
-4.473405897808482301e+00
-4.318831064035496325e+00
-4.166387375267242454e+00
-4.016112619732682631e+00
-3.868059442361284628e+00
-3.722258203031760360e+00
-3.578739261622826184e+00
-3.437547834713696737e+00
-3.298714282183086155e+00
-3.162276392259958602e+00
-3.028271953173279574e+00
-2.896731324801763208e+00
-2.767684867024124529e+00
-2.641170368069327701e+00
-2.517210759465837722e+00
-2.395828972742118701e+00
-2.277070224477385718e+00
-2.160957446200102883e+00
-2.047520997788985664e+00
-1.936768954071998339e+00
-1.828731674927854822e+00
-1.723432091885020778e+00
-1.620878279771460484e+00
-1.521093170115638271e+00
-1.424092266095769110e+00
-1.329898499240317333e+00
-1.238527372727497688e+00
-1.149986961385274675e+00
-1.064285340041613237e+00
-9.814454402249780385e-01
-9.014701369181581381e-01
-8.243786474744935200e-01
-7.501797895569739527e-01
-6.788801523235138413e-01
-6.104833535919279575e-01
-5.449937540150556758e-01
-4.824164570807619179e-01
-4.227562034431388005e-01
-3.660185109262641956e-01
-3.122085345204437812e-01
-2.613254865357830803e-01
-2.133656822257902486e-01
-1.683255854109782790e-01
-1.262021798963776642e-01
-8.699207806950663702e-02
-5.069226373539569008e-02
-1.729778932801038019e-02
1.319829837325116328e-02
4.080718674863341444e-02
6.553634900325580603e-02
8.739622968233771994e-02
1.063957876610486519e-01
1.225439818145579868e-01
1.358534851931601228e-01
1.463436563623745912e-01
1.540383108978706783e-01
1.589597787052679234e-01
1.611303896901857546e-01
1.605747022633184917e-01
1.573135606602356906e-01
1.513715232916316988e-01
1.427701772281009807e-01
1.315333380453129475e-01
1.176833356488870275e-01
1.012432427794676681e-01
8.223538934267425604e-02
6.068359091417626500e-02
3.661144021913559365e-02
1.004988404946169367e-02
-1.896901655039852710e-02
-5.041297768549062724e-02
-8.425023544537768583e-02
-1.204474659660702690e-01
-1.589736481721564509e-01
-1.997967953026918153e-01
-2.428826920916569432e-01
-2.881978661080573656e-01
-3.357110734259736717e-01
-3.853866131093364178e-01
-4.371924983972012013e-01
-4.910959996935986283e-01
-5.470614160624591715e-01
-6.050478467225385293e-01
-6.650158765626421609e-01
-7.269149479462007069e-01
-7.907145597823196370e-01
-8.563656401044796862e-01
-9.238338764822530136e-01
-9.930622827768287308e-01
-1.064023489085987428e+00
-1.136667840456759837e+00
-1.210953110286427048e+00
-1.286851928672769318e+00
-1.364314640662817713e+00
-1.443299019653852433e+00
-1.523762839043154793e+00
-1.605663872228005440e+00
-1.688952464255434771e+00
-1.773586388522723434e+00
-1.859508561726652465e+00
-1.946684185614753204e+00
-2.035063605234055384e+00
-2.124589737281339819e+00
-2.215227783504137626e+00
-2.306920660599229400e+00
-2.399626141963896231e+00
-2.493302000995417878e+00
-2.587898582740825848e+00
-2.683358803896900735e+00
-2.779647866211173213e+00
-2.876708686380424318e+00
-2.974506466152183837e+00
-3.072984122223233694e+00
-3.172099427990854092e+00
-3.271810156852324791e+00
-3.372059225504428603e+00
-3.472804407344444844e+00
-3.573996047419404132e+00
-3.675591919126587559e+00
-3.777542367513025301e+00
-3.879797737625749310e+00
-3.982308374511789317e+00
-4.085024623218177275e+00
-4.187911685492442082e+00
-4.290912478031366106e+00
-4.393984774232227331e+00
-4.497093775842560426e+00
-4.600182399559144208e+00
-4.703215847129508909e+00
-4.806137035250436007e+00
-4.908918594019705317e+00
-5.011503440134097431e+00
-5.113864203691395716e+00
-5.215943801388378986e+00
-5.317700006622327003e+00
-5.419105449491021353e+00
-5.520103046691243520e+00
-5.620657590093052214e+00
-5.720724803706375816e+00
-5.820260001663670302e+00
-5.919233354797890811e+00
-6.017592748891244625e+00
-6.115308354776688660e+00
-6.212328058236428419e+00
-6.308622030103419043e+00
-6.404145584510118283e+00
-6.498861463939233474e+00
-6.592732410873470172e+00
-6.685728596145781744e+00
-6.777805333888628603e+00
-6.868925366584714531e+00
-6.959051436716747752e+00
-7.048190856868933096e+00
-7.136217229320978461e+00
-7.223167580058087900e+00
-7.308967509811718166e+00
-7.393691186318326558e+00
-7.477189926806871334e+00
-7.559463615511305079e+00
-7.640512136665585707e+00
-7.720261091001169085e+00
-7.798710362752011349e+00
-7.875859836152069526e+00
-7.951635111932800370e+00
-8.026036074328159131e+00
-8.099062607572102834e+00
-8.170640312396088234e+00
-8.240694789531568532e+00
-8.309300206715002801e+00
-8.376456448180348957e+00
-8.442014831156560817e+00
-8.506049523380095678e+00
-8.568486125582408519e+00
-8.629398805499956637e+00
-8.688638880361695627e+00
-8.746280517904081009e+00
-8.802249318858573091e+00
-8.856619450961625617e+00
-8.909316514944695342e+00
-8.960266111539233691e+00
-9.009616691984206227e+00
-9.057145290006060279e+00
-9.103000356843759633e+00
-9.147107493228755715e+00
-9.189540866897507598e+00
-9.230151795078967325e+00
-9.268940162007096362e+00
-9.306054124001136074e+00
-9.341269240188960765e+00
-9.374806475793739935e+00
-9.406441095023637899e+00
-9.436319779599319446e+00
-9.464366360733949435e+00
-9.490578953143192109e+00
-9.514955671542713489e+00
-9.537494630648177818e+00
-9.558268228677752276e+00
-9.577200296844598171e+00
-9.594214666361882138e+00
-9.609458018950272518e+00
-9.622928469325431777e+00
-9.634475565198021840e+00
-9.644245988288711047e+00
-9.652163569810664256e+00
-9.658226424479547489e+00
-9.662506950513522597e+00
-9.665003262628255598e+00
-9.665639192036911354e+00
-9.664487136957657043e+00
-9.661545212106156910e+00
-9.656811532198073422e+00
-9.650358495451575536e+00
-9.642109933079824557e+00
-9.632063959798488284e+00
-9.620367257328229726e+00
-9.606943656882215521e+00
-9.591791273176106358e+00
-9.574982504428074748e+00
-9.556441181851280220e+00
-9.536239703663891731e+00
-9.514376184581568197e+00
-9.490848739319979188e+00
-9.465729766097288334e+00
-9.439017379629161653e+00
-9.410635411128764005e+00
-9.380730542316758402e+00
-9.349300887908812641e+00
-9.316270279118089803e+00
-9.281711114162753518e+00
-9.245695791260974516e+00
-9.208222425128411714e+00
-9.169214846978233524e+00
-9.128819738531102956e+00
-9.086960931000186648e+00
-9.043710822603648225e+00
-8.999067528057153709e+00
-8.953103445578866726e+00
-8.905742435431751147e+00
-8.857131324585449050e+00
-8.807194118551903372e+00
-8.756077673350556978e+00
-8.703631710990849868e+00
-8.650003087492223131e+00
-8.595264375371618470e+00
-8.539339580140978825e+00
-8.482301274317244122e+00
-8.424073463412357299e+00
-8.364877286948258828e+00
-8.304562466934388709e+00
-8.243275859390191584e+00
-8.180941469827606838e+00
-8.117706154266077334e+00
-8.053493918217542458e+00
-7.988377334198947466e+00
-7.922354691224728462e+00
-7.855572845314333641e+00
-7.787881518477197673e+00
-7.719427566732766088e+00
-7.650209279095480319e+00
-7.580299228082281182e+00
-7.509695702707608334e+00
-7.438396991985907647e+00
-7.366475668434114610e+00
-7.293930021066676872e+00
-7.220802908999533365e+00
-7.147137191348623908e+00
-7.072960870529390043e+00
-6.998294520607027280e+00
-6.923166143996973609e+00
-6.847611171464921931e+00
-6.771650177076062427e+00
-6.695318591596087998e+00
-6.618644417440439298e+00
-6.541670513725058811e+00
-6.464424882865387190e+00
-6.386935527276865976e+00
-6.309230449374935823e+00
-6.231352508275540991e+00
-6.153329706394119469e+00
-6.075182617795864992e+00
-5.996939244896219101e+00
-5.918635018460872033e+00
-5.840297940905266216e+00
-5.761948586294592722e+00
-5.683622385394543564e+00
-5.605339912270309810e+00
-5.527136597687582587e+00
-5.449040686745651563e+00
-5.371073966928938681e+00
-5.293280753456465426e+00
-5.215675648146251397e+00
-5.138295537867066720e+00
-5.061162452787182353e+00
-4.984313279775368422e+00
-4.907762620649646301e+00
-4.831539933928534758e+00
-4.755682106480804805e+00
-4.680203740124476930e+00
-4.605134293378070787e+00
-4.530503224760106917e+00
-4.456332564438855393e+00
-4.382651770932838531e+00
-4.309482874410324627e+00
-4.236855333389834222e+00
-4.164798606389887858e+00
-4.093327295228506024e+00
-4.022470858424209261e+00
-3.952243897795017613e+00
-3.882683300209701205e+00
-3.813796239136030941e+00
-3.745612173092526920e+00
-3.678153132247458323e+00
-3.611433718418847416e+00
-3.545475961774963380e+00
-3.480301892484077175e+00
-3.415933540714457539e+00
-3.352378079933878041e+00
-3.289672397011105254e+00
-3.227823665413912302e+00
-3.166853915310567924e+00
-3.106777748519093052e+00
-3.047609766857508173e+00
-2.989372000494082471e+00
-2.932079051246838652e+00
-2.875738092583544514e+00
-2.820371154672471903e+00
-2.765992839331639974e+00
-2.712617748379070992e+00
-2.660253055282533641e+00
-2.608913361860048408e+00
-2.558613269929636225e+00
-2.509367381309317135e+00
-2.461175441116611129e+00
-2.414066907870039191e+00
-2.368034098336871285e+00
-2.323099042685377036e+00
-2.279261486033078210e+00
-2.236536352223651214e+00
-2.194924996502900072e+00
-2.154451381193034809e+00
-2.115124611915767172e+00
-2.076938937592307521e+00
-2.039910892194615855e+00
-2.004042152994153891e+00
-1.969349253962881630e+00
-1.935833872372260123e+00
-1.903497685493749980e+00
-1.872349798949061839e+00
-1.842399318359906779e+00
-1.813640492647494717e+00
-1.786082427433536957e+00
-1.759726799989493884e+00
-1.734575287586826553e+00
-1.710629567496995351e+00
-1.687891316991461110e+00
-1.666362213341684440e+00
-1.646043933819126170e+00
-1.626930727344997107e+00
-1.609024271190757416e+00
-1.592326242627868593e+00
-1.576830890577540556e+00
-1.562547320661484385e+00
-1.549462353450660856e+00
-1.537570237866280554e+00
-1.526872651179804086e+00
-1.517356413962192452e+00
-1.509030631835155845e+00
-1.501867268669155431e+00
-1.495882858436151874e+00
-1.491064221707105286e+00
-1.487398179052977332e+00
-1.484886407745227954e+00
-1.483515728354818153e+00
-1.483280389802958510e+00
-1.484182069361109857e+00
-1.486200159249982722e+00
-1.489328908390787909e+00
-1.493562565704736000e+00
-1.498887951762787996e+00
-1.505299315486154477e+00
-1.512776049095545750e+00
-1.521312401512173285e+00
-1.530902621657246776e+00
-1.541526101751478084e+00
-1.553177090716076680e+00
-1.565842409122004231e+00
-1.579508877540220846e+00
