# tt
1.045598039362449299e+03
9.877860370175689013e+02
9.305334442351481812e+02
8.860316947723272278e+02
8.540176694823933303e+02
8.323143236933975686e+02
8.182854056960742355e+02
8.102025031440446128e+02
8.067747198634529013e+02
8.065341872344027934e+02
8.098862674361370182e+02
8.147955020946708373e+02
8.211832578277200128e+02
8.279102182605494136e+02
8.366709362226089297e+02
8.472542484500622777e+02
8.584695524097478483e+02
8.710753972431523380e+02
8.834669599237672628e+02
8.963272265892065889e+02
9.096674883293685525e+02
9.230928822829197316e+02
9.369161457245393194e+02
9.512621009589372534e+02
9.656327104152896936e+02
9.804354592986040871e+02
9.955024072541760916e+02
1.010764004773873808e+03
1.026425495301409001e+03
1.041887814130550169e+03
1.057960075793604119e+03
1.074110937215227068e+03
1.090314077234469778e+03
1.107140373662607544e+03
1.123680643055478868e+03
1.140464021092695020e+03
1.157601690985302866e+03
1.174991763543816205e+03
1.192547793718427783e+03
1.210179889210383408e+03
1.227895793978893153e+03
1.245714661434718892e+03
1.263692786739874464e+03
1.281901321756871539e+03
1.300311767540930077e+03
1.318905581181846173e+03
1.337653709165122564e+03
1.356541954676762543e+03
1.375622976055018853e+03
1.394953137764261783e+03
1.414477346819082186e+03
1.434121931309438196e+03
1.453865217777037515e+03
1.473700389464088630e+03
1.493737706598782097e+03
1.514080322937237725e+03
1.534688476962807727e+03
1.555477837057344232e+03
1.576430926754949724e+03
1.597557230042442370e+03
1.618862647463753774e+03
1.640365183315032482e+03
1.662067985191926027e+03
1.683996485740831758e+03
1.706188007336692408e+03
1.728623434365126059e+03
1.751265827539294605e+03
1.774070819222110231e+03
1.797008898476985451e+03
1.820058055733587025e+03
1.843330283790101475e+03
1.866937648460719856e+03
1.890888218656132722e+03
1.915182634936781596e+03
1.939775588236821022e+03
1.964541967888758563e+03
1.989466708954063961e+03
2.014594173296208737e+03
2.039946437727913008e+03
2.065547991878486755e+03
2.091410691592843705e+03
2.117511663781235711e+03
2.143850320404666036e+03
2.170418645073886637e+03
2.197212927840119391e+03
2.224202114414966672e+03
2.251366885300749345e+03
2.278717634400790303e+03
2.306257327268159315e+03
2.333995938719389414e+03
2.361934338873606976e+03
2.390087835463647934e+03
2.418449451171599776e+03
2.447034493730299346e+03
2.475835985821833674e+03
2.504854378478538820e+03
2.534097551083002145e+03
2.563543669616810803e+03
2.593208041812801184e+03
2.623083690353059865e+03
2.653171066269924268e+03
2.683455763895231030e+03
2.713938234261317120e+03
2.744611500050269569e+03
2.775468583944174497e+03
2.806502508625119390e+03
2.837698868424940429e+03
2.869065542726225431e+03
2.900588125860810123e+03
2.932259502860621978e+03
2.964079436507195624e+03
2.996040123581655735e+03
3.028133760865126987e+03
3.060352545138734513e+03
3.092696101533853380e+03
3.125156626831607355e+03
3.157718889462871175e+03
3.190382514559020365e+03
3.223139698901179599e+03
3.255982639270472646e+03
3.288896104097775606e+03
3.321879718514462638e+03
3.354925679301657510e+03
3.388018754890236323e+03
3.421158570411573237e+03
3.454329894296542989e+03
3.487524923326271164e+03
3.520743282632130558e+03
3.553969740644997273e+03
3.587189331397386013e+03
3.620410436379116163e+03
3.653611989280650505e+03
3.686795208843197997e+03
3.719946457107470906e+03
3.753066952814678189e+03
3.786143058005531657e+03
3.819168563070992150e+03
3.852129830051770114e+03
3.885035506039325810e+03
3.917864524724120201e+03
3.950610676497113218e+03
3.983275180099516547e+03
4.015836969221791605e+03
4.048297262605147353e+03
4.080627565589795267e+03
4.112821668566695735e+03
4.144865933576560565e+03
4.176746722660098385e+03
4.208450397858021461e+03
4.239955661359980695e+03
4.271270002753391964e+03
4.302378395074109903e+03
4.333280668058489027e+03
4.363969223092636639e+03
4.394451318263158100e+03
4.424704498255658109e+03
4.454736021156742936e+03
4.484530860002269037e+03
4.514081416178340987e+03
4.543365234370563485e+03
4.572374715965043833e+03
4.601102262347887518e+03
4.629525418204699236e+03
4.657644013271834410e+03
4.685443020585150407e+03
4.712914841530750891e+03
4.740051877494743167e+03
4.766846529863231808e+03
4.793291200022320481e+03
4.819370861007869280e+03
4.845092770906480837e+03
4.870434474403760760e+03
4.895388372885815443e+03
4.919954296089001218e+03
4.944117354154528584e+03
4.967870633995295975e+03
4.991199931279303200e+03
5.014105898375053584e+03
5.036581759300799604e+03
5.058613309724543797e+03
5.080201202014787668e+03
5.101338660189784605e+03
5.122011479917536235e+03
5.142220313566545883e+03
5.161950956804816087e+03
5.181204062000848353e+03
5.199972853172895157e+03
5.218243125988959946e+03
5.236015532817544226e+03
5.253283297676901384e+03
5.270032216235031228e+03
5.286255512510189874e+03
5.301961267221126946e+03
5.317135276035846800e+03
5.331778191322850034e+03
5.345890665450640881e+03
5.359473350787720847e+03
5.372504614651842530e+03
5.384999966112007314e+03
5.396945066728069833e+03
5.408332469977530309e+03
5.419139738529242095e+03
5.429374148453056478e+03
5.439005834067575961e+03
5.448042071442655470e+03
5.456467851597392837e+03
5.464275593901143111e+03
5.471494859474508303e+03
5.478110639336589884e+03
5.484130209557240960e+03
5.489568274556561846e+03
5.494424682054157529e+03
5.498706708119879295e+03
5.502414200473328492e+03
5.505532150133608411e+03
5.508060404820321310e+03
5.509998812253068536e+03
5.511339791801202409e+03
5.512075762834077068e+03
5.512214001421542889e+03
5.511739498582702254e+03
5.510659530387407358e+03
5.508981372905511307e+03
5.506704873856616359e+03
5.503822452610073924e+03
5.500341385235736198e+03
5.496261519453206347e+03
5.491590131332336568e+03
5.486319640242479181e+03
5.480457322253485472e+03
5.474010453435208547e+03
5.466971453156999814e+03
5.459340169138461533e+03
5.451131305799698566e+03
5.442329854159808747e+03
5.432957946989148695e+03
5.423008003657068002e+03
5.412487300233419774e+03
5.401395684437806267e+03
5.389733003989829740e+03
5.377513963309590508e+03
5.364738410116694467e+03
5.351406192130742056e+03
5.337532013771834499e+03
5.323123151109824903e+03
5.308172023514067405e+03
5.292700763754911350e+03
5.276701791201709966e+03
5.260189810274566298e+03
5.243157198106221585e+03
5.225611019583475354e+03
5.207550869006267931e+03
5.188991197375039519e+03
5.169916742289226931e+03
5.150341954749273100e+03
5.130273857405365561e+03
5.109726901257943609e+03
5.088708108957198419e+03
5.067239359853818314e+03
5.045320248247742711e+03
5.022972653489660843e+03
5.000203598229763884e+03
4.977020105118240281e+03
4.953421768455031270e+03
4.929415610890322569e+03
4.905016083424557110e+03
4.880222780357673400e+03
4.855035295989610859e+03
4.829460652970559750e+03
4.803520730651208396e+03
4.777207694981247187e+03
4.750550853661614383e+03
4.723542372642001283e+03
4.696196702922847180e+03
4.668535723854840398e+03
4.640559029737921264e+03
4.612273643222280043e+03
4.583694015308356029e+03
4.554834596996586697e+03
4.525694982586914193e+03
4.496289623079776902e+03
4.466632969475615027e+03
4.436724616074366168e+03
4.406579013876473255e+03
4.376203185532122916e+03
4.345619010392005293e+03
4.314826082756060714e+03
4.283831425274478534e+03
4.252656917297947984e+03
4.221309581476659332e+03
4.189789012110550175e+03
4.158109660200062535e+03
4.126285976745633889e+03
4.094317556047205926e+03
4.062218849105216123e+03
4.029989450219605260e+03
3.997651238741062571e+03
3.965211237319777410e+03
3.932676468605939135e+03
3.900061386895597479e+03
3.867380459667243940e+03
3.834640729344728243e+03
3.801856666702150505e+03
3.769042742513611756e+03
3.736198570852712692e+03
3.703346050843804278e+03
3.670492224910735331e+03
3.637644135477358759e+03
3.604801396617272530e+03
3.571993335805080278e+03
3.539212138764128667e+03
3.506479704618772303e+03
3.473803075792859545e+03
3.441181866359990181e+03
3.408637975444516542e+03
3.376178445470288807e+03
3.343817747211407095e+03
3.311555494741471193e+03
3.279398730484332646e+03
3.247376781914592357e+03
3.215474406405350692e+03
3.183720931431207191e+03
3.152108542715513067e+03
3.120659139382619287e+03
3.089372335506126092e+03
3.058262601860133600e+03
3.027336980868492446e+03
2.996602514955053721e+03
2.966073674893917996e+03
2.935750074758685059e+03
2.905646185323455938e+03
2.875761620661831330e+03
2.846110851547911807e+03
2.816708348755797942e+03
2.787553726359089524e+03
2.758654026781637185e+03
2.730016292447292926e+03
2.701654994130155501e+03
2.673577174254076454e+03
2.645782446892656480e+03
2.618277854469745307e+03
2.591070439409194478e+03
2.564159815784603779e+03
2.537553026019824301e+03
2.511257112538706224e+03
2.485271689414849789e+03
2.459603799072106085e+03
2.434267912284575686e+03
2.409263643125858835e+03
2.384605528391258304e+03
2.360300940610634370e+03
2.336349889984800939e+03
2.312759815064819122e+03
2.289545582752003156e+03
2.266699774896914732e+03
2.244229830050617238e+03
2.222143186764172697e+03
2.200439855238394557e+03
2.179119845674095814e+03
2.158190596622338035e+03
2.137652118283935124e+03
2.117519277560199043e+03
2.097777227951442910e+03
2.078448264709229534e+03
2.059524969684121061e+03
2.041014781427181106e+03
2.022917710139221526e+03
2.005233766021056226e+03
1.987977815973996485e+03
1.971135013498356557e+03
1.954720225495447721e+03
1.938726033815833944e+03
1.923159877010577702e+03
1.908014336930240688e+03
1.893296852125887199e+03
1.879014861148578575e+03
1.865153517498629071e+03
1.851727688077349512e+03
1.838737383085554256e+03
1.826175184373805905e+03
1.814048530493166027e+03
1.802357431644448525e+03
1.791094469678215546e+03
1.780259654795280312e+03
1.769860425546704846e+03
1.759896792133302370e+03
1.750353908055386000e+03
1.741239211864017534e+03
1.732552713760010420e+03
1.724294423944177424e+03
1.716449495916830529e+03
1.709032796579283513e+03
1.702029479431848586e+03
1.695439554675338513e+03
1.689263032510566063e+03
1.683492494788093836e+03
1.678135380058984993e+03
1.673184270173801451e+03
1.668639175333356889e+03
1.664500151700483912e+03
1.660760010935847049e+03
1.657419039012380608e+03
1.654477521903019579e+03
1.651920888880198618e+03
1.649749425916852260e+03
1.647963418985915723e+03
1.646555725710072693e+03
1.645511775361758509e+03
1.644846710614407812e+03
1.644531104039955153e+03
1.644580098311835400e+03
1.644986551052732921e+03
1.645743319885332539e+03
1.646835834082068686e+03
1.648279236316376910e+03
1.650051527510440792e+03
1.652160421987445261e+03
1.654591349019825884e+03
1.657352022930765997e+03
1.660427872992701396e+03
1.663811756828315993e+03
1.667511388760794716e+03
1.671512198062572224e+03
1.675807042356333568e+03
1.680396207615013054e+03
1.685257694760795175e+03
1.690406646467115024e+03
1.695813635305906928e+03
1.701478947250106103e+03
1.707402868272646629e+03
1.713570827645963163e+03
1.719990539693240862e+03
1.726640005336663990e+03
1.733526938899417701e+03
1.740644198004185682e+03
1.747984640273653895e+03
1.755541123330506480e+03
1.763313933147677517e+03
1.771288498997602801e+03
1.779457678502966019e+03
1.787806900936202055e+03
1.796336452270246127e+03
1.805031761777531983e+03
1.813885687080745583e+03
1.822891085802570387e+03
1.832040815565691673e+03
1.841342590693294142e+03
1.850781840457812223e+03
1.860351422481930513e+03
1.870051616305676134e+03
1.879882675737443606e+03
1.889822563101970218e+03
1.899871525774743077e+03
1.910014954430749185e+03
1.920245668095225255e+03
1.930556485793408683e+03
1.940932798200286243e+03
1.951359995990844936e+03
1.961853183241071974e+03
1.972382893925454255e+03
1.982971660470228926e+03
1.993590016849882886e+03
2.004260495490653284e+03
2.014953630367026562e+03
2.025684525554990842e+03
2.036438571729531986e+03
2.047201159565637909e+03
2.057972536438795487e+03
2.068738093023991041e+03
2.079483219996212028e+03
2.090208164730945555e+03
2.100898317903179304e+03
2.111553926888398564e+03
2.122167810711842321e+03
2.132740216748996318e+03
2.143256535674847328e+03
2.153724443215133761e+03
2.164144186745341358e+03
2.174493728590208320e+03
2.184788172825720267e+03
2.194998053426365004e+03
2.205131046117880032e+03
2.215172541575251216e+03
2.225107930473466240e+03
2.234944888538262148e+03
2.244668806444626625e+03
2.254272503217794565e+03
2.263763654583505286e+03
2.273127651216744653e+03
2.282364740493000227e+03
2.291475169787758659e+03
2.300459186476506602e+03
2.309309609584481677e+03
2.318019258136921053e+03
2.326588379509310471e+03
2.335002364376639434e+03
2.343261460114392321e+03
2.351358485747807663e+03
2.359286260302122173e+03
2.367037559622706340e+03
2.374612415185716600e+03
2.382003386937192317e+03
2.389210463173423250e+03
2.396241060540948638e+03
2.403080310635559272e+03
2.409735630103793483e+03
2.416199578891692454e+03
2.422464716945295095e+03
2.428545889261390585e+03
2.434420799085519320e+03
2.440104291414471390e+03
2.445581497844035312e+03
2.450852406670501296e+03
2.455917006190159555e+03
2.460775284699299391e+03
2.465419802143960624e+03
2.469843118470182617e+03
2.474052650324505521e+03
2.478033529302718307e+03
2.481793172051361125e+03
2.485324138516474250e+03
2.488618988644096589e+03
2.491692567431017778e+03
2.494530006473028152e+03
2.497146150766917344e+03
2.499533560258724265e+03
2.501692223244739580e+03
2.503622128021252138e+03
2.505330691234802543e+03
2.506803044481179313e+03
2.508054032757173445e+03
2.509076216008823394e+03
2.509862154182169888e+03
2.510426692274002562e+03
2.510754961880109931e+03
2.510861807997282995e+03
2.510739790571561116e+03
2.510396326249483081e+03
2.509816546626840136e+03
2.509022725050671397e+03
2.508007421467015774e+03
2.506763195821913996e+03
2.505304893112155241e+03
2.503632501634028813e+03
2.501738581333575439e+03
2.499630548857333906e+03
2.497308392501594426e+03
2.494772100562646301e+03
2.492021661336779744e+03
2.489071886677141720e+03
2.485907742461310590e+03
2.482543874824222257e+03
2.478987501550561774e+03
2.475230983724516591e+03
2.471274110780521369e+03
2.467138957203762402e+03
2.462810455728174475e+03
2.458295824138444914e+03
2.453594851869008835e+03
2.448722185054802139e+03
2.443662756429760520e+03
2.438431212128819880e+03
2.433034769936667089e+03
2.427458362587236024e+03
2.421716636215464405e+03
2.415816808606036830e+03
2.409751240843139840e+03
2.403527150711458944e+03
2.397144327645430167e+03
2.390609989429739016e+03
2.383931353849071456e+03
2.377108210337863511e+03
2.370140348330550751e+03
2.363049842312319925e+03
2.355821625017105816e+03
2.348477770930094266e+03
2.341010641135472270e+03
2.333427453417923971e+03
2.325735425562137152e+03
2.317941775352795503e+03
2.310046292224336867e+03
2.302048765611195449e+03
2.293963841648308062e+03
2.285791309770110729e+03
2.277530959411039021e+03
2.269190008355777991e+03
2.260783102739264450e+03
2.252295175295434092e+03
2.243748300509472301e+03
2.235142267815815558e+03
2.226476866648898977e+03
2.217759314793409430e+03
2.208989401683781580e+03
2.200181773454951781e+03
2.191336219541356513e+03
2.182452529377430437e+03
2.173537920747860426e+03
2.164599611437331987e+03
2.155637390880280236e+03
2.146665916149693203e+03
2.137670174669763128e+03
2.128679734904234010e+03
2.119679595215349309e+03
2.110677039016103208e+03
2.101686778069738921e+03
2.092701239088750754e+03
2.083735133836382374e+03
2.074795745725627512e+03
2.065868073118730081e+03
2.056981684479433625e+03
2.048121578169982058e+03
2.039295037603369337e+03
2.030524202893089523e+03
2.021786644051135681e+03
2.013111929541252493e+03
2.004492486075932675e+03
1.995935597068170864e+03
1.987441117580710625e+03
1.979016331026545686e+03
1.970675949168919715e+03
1.962412398720327246e+03
1.954225534743510934e+03
1.946130069001715583e+03
1.938125856557684756e+03
1.930220180824411955e+03
1.922405468514391032e+03
1.914703859741116048e+03
1.907100352866830008e+03
1.899609659654777715e+03
1.892231635167702734e+03
1.884966134468348628e+03
1.877827869319959518e+03
1.870809266435028576e+03
1.863917609226550439e+03
1.857160181107518156e+03
1.850536837140675971e+03
1.844047432388767220e+03
1.837699250264786315e+03
1.831492145831476591e+03
1.825433402501832234e+03
1.819515446988346866e+03
1.813760419404514550e+03
1.808145889762328352e+03
1.802693998175282786e+03
1.797404599706120962e+03
1.792270121067337868e+03
1.787297845671925870e+03
1.782487628582629668e+03
1.777854181562693157e+03
1.773382538425587200e+03
1.769080159840448005e+03
1.764954541927636910e+03
1.761005752457267135e+03
1.757241287549701838e+03
1.753646358274552540e+03
1.750235889102433248e+03
1.747009947803456726e+03
1.743968602147734600e+03
1.741111919905380319e+03
1.738439968846505963e+03
1.735960245091474917e+03
1.733665388060150008e+03
1.731562893872893255e+03
1.729652830299818334e+03
1.727927836760787159e+03
1.726395409376162661e+03
1.725063044266307543e+03
1.723915952500834692e+03
1.722969058550356976e+03
1.722215001834736540e+03
1.721653850124086375e+03
1.721285671188519473e+03
1.721110532798148142e+03
1.721135931073335541e+03
1.721354505433944041e+03
1.721766323650086861e+03
1.722364025141625689e+03
1.723162534379174303e+03
1.724154490782594848e+03
1.725332533771750605e+03
1.726696731116753654e+03
1.728254578937967153e+03
1.730006145005503413e+03
1.731936640388975320e+03
1.734053561208746260e+03
1.736356975234927859e+03
1.738846950237633564e+03
1.741523553986975685e+03
1.744379425902817047e+03
1.747414633755270643e+03
1.750629245314449008e+03
1.754023328350464681e+03
1.757589522283181168e+03
1.761335323232960263e+03
1.765238513919164916e+03
1.769321447162657932e+03
1.773561905682802262e+03
1.777974813950210773e+03
1.782545383034494989e+03
1.787273700476209569e+03
1.792152504547419312e+03
1.797189409991130333e+03
1.802384603200097672e+03
1.807715985516328146e+03
1.813206028383327521e+03
1.818832633143101020e+03
1.824595986188405959e+03
1.830503702262246861e+03
1.836541111056880254e+03
1.842708398965062088e+03
1.849013180729798023e+03
1.855433357693093740e+03
1.861976544597955581e+03
1.868642927837139041e+03
1.875417837102900648e+03
1.882301458787995443e+03
1.889293979285180058e+03
1.896388156636960275e+03
1.903584177236091364e+03
1.910874799125080244e+03
1.918260208696681730e+03
1.925740592343652452e+03
1.933308708108498422e+03
1.940964742383974908e+03
1.948701453212587921e+03
1.956519026987094321e+03
1.964417650100248466e+03
1.972375223894057171e+03
1.980406791461776265e+03
1.988505110845911759e+03
1.996655511738719269e+03
2.004865608883204686e+03
2.013128160321873793e+03
2.021428495746983344e+03
2.029781658251788258e+03
2.038165549178294441e+03
2.046587783269508691e+03
2.055041118567936337e+03
2.063518313116082936e+03
2.072012124956454954e+03
2.080522740481807887e+03
2.089050346084898138e+03
2.097580271457980871e+03
2.106112702993812491e+03
2.114640398734898554e+03
2.123163545073995920e+03
2.131674900053609235e+03
2.140174650066494905e+03
2.148655553155159396e+03
2.157110355316420737e+03
2.165531754364354583e+03
2.173927292767847121e+03
2.182289656295287386e+03
2.190611530715061235e+03
2.198885601795557250e+03
2.207126840355912918e+03
2.215320503814265976e+03
2.223466706289253125e+03
2.231558133549262948e+03
2.239594899712932147e+03
2.247569690548648396e+03
2.255482620175049760e+03
2.263318946010273976e+03
2.271078782172957744e+03
2.278762242781739133e+03
2.286354585254755420e+03
2.293863352060894613e+03
2.301266372268044051e+03
2.308578616695340770e+03
2.315785342760923868e+03
2.322879236233179199e+03
2.329867839580994314e+03
2.336736410222508312e+03
2.343485062276357894e+03
2.350121338211430157e+03
2.356637923796113228e+03
2.363034933149045173e+03
2.369312480388861331e+03
2.375463251283952104e+03
2.381494788303203222e+03
2.387392348864753330e+03
2.393163475437489524e+03
2.398793425439548628e+03
2.404282312989569618e+03
2.409615395505688866e+03
2.414800215456793921e+03
2.419829458611273367e+03
2.424688382387263573e+03
2.429391957603903393e+03
2.433925441679329197e+03
2.438296377082429444e+03
2.442497449581590899e+03
2.446528773295451629e+03
2.450383033992399305e+03
2.454067774141321024e+03
2.457583107860854398e+03
2.460921720919387553e+03
2.464091155785807587e+03
2.467084098228501716e+03
2.469900634188225922e+03
2.472548165244455504e+03
2.475011779748032950e+03
2.477298851100552383e+03
2.479394467652856747e+03
2.481291146106038468e+03
2.482988831511441276e+03
2.484487468920408901e+03
2.485779575034033769e+03
2.486865094903659156e+03
2.487743973580628790e+03
2.488431012816784914e+03
2.488918729313221775e+03
2.489214496471531675e+03
2.489325687693308282e+03
2.489252248029894417e+03
2.488986694182383872e+03
2.488528971202119010e+03
2.487871595790193624e+03
2.487007084647700594e+03
2.485927954475733259e+03
2.484634150325634891e+03
2.483118188898498374e+03
2.481387443595916920e+03
2.479449287819484198e+03
2.477303666620542572e+03
2.474957953400686165e+03
2.472412093211257343e+03
2.469680887804098802e+03
2.466764282230555182e+03
2.463662221541969302e+03
2.460367222439433590e+03
2.456871801624041836e+03
2.453183332497387255e+03
2.449286903410312334e+03
2.445175031063910865e+03
2.440855088859776060e+03
2.436334450199501134e+03
2.431598203433929029e+03
2.426676007015402320e+03
2.421560377645014796e+03
2.416258688724360582e+03
2.410770885304781132e+03
2.405119197488370901e+03
2.399281285275722439e+03
2.393271950418678898e+03
2.387076281268084131e+03
2.380701651225530441e+03
2.374140576992111619e+03
2.367385575268920093e+03
2.360451429365984950e+03
2.353330563775321934e+03
2.346030241247633057e+03
2.338550296183369483e+03
2.330912848033732644e+03
2.323102874498673827e+03
2.315142495029394922e+03
2.307031544026347092e+03
2.298769855889981955e+03
2.290357265020751129e+03
2.281801034169355717e+03
2.273093569385996943e+03
2.264249561771627214e+03
2.255261417376446843e+03
2.246128970600908360e+03
2.236866912545962350e+03
2.227460220911561009e+03
2.217916158448404985e+03
2.208241987907196290e+03
2.198430115338135693e+03
2.188487803491925661e+03
2.178422315119267296e+03
2.168226056270361823e+03
2.157913718046160739e+03
2.147485134847115205e+03
2.136947569423927689e+03
2.126300856177048445e+03
2.115567114557679361e+03
2.104731322265772633e+03
2.093808170402278392e+03
2.082790065017398774e+03
2.071691697212085728e+03
2.060505473036540479e+03
2.049231226891213282e+03
2.037876221526807285e+03
2.026440291343772742e+03
2.014923270742561272e+03
2.003339850824125278e+03
1.991675009288415140e+03
1.979950865586632972e+03
1.968159825768979545e+03
1.956309152586157097e+03
1.944398680438616566e+03
1.932443100427309446e+03
1.920427390252187706e+03
1.908373669364451644e+03
1.896274343814304075e+03
1.884136676352445647e+03
1.871967929729578145e+03
1.859767938346152505e+03
1.847536546620223135e+03
1.835288495740750704e+03
1.823023680213800617e+03
1.810741994545435091e+03
1.798450761591969695e+03
1.786149875859467102e+03
1.773854088554491682e+03
1.761555865832856625e+03
1.749262530550877500e+03
1.736973977214616752e+03
1.724697528680389041e+03
1.712440507804507888e+03
1.700202809093037331e+03
1.687984327052041181e+03
1.675784956187583475e+03
1.663619447706227902e+03
1.651480267763788561e+03
1.639367310866329490e+03
1.627295328220414376e+03
1.615264214332107031e+03
1.603266435357221553e+03
1.591316742502322086e+03
1.579422458623721923e+03
1.567568621526985226e+03
1.555777410768926529e+03
1.544041292505358570e+03
1.532367589592596232e+03
1.520763624886952812e+03
1.509229292894492801e+03
1.497764488121279555e+03
1.486369105073377341e+03
1.475057894957349617e+03
1.463823323929010712e+03
1.452672714844674829e+03
1.441605962210405096e+03
1.430622960532265552e+03
1.419731032666570854e+03
1.408930073119384133e+03
1.398227404747019364e+03
1.387615493705290646e+03
1.377109091200762350e+03
1.366700663389247666e+03
1.356397533127060569e+03
1.346199594920265326e+03
1.336114171625175686e+03
1.326133729397605293e+03
1.316273019444118745e+03
1.306524507920529231e+03
1.296888089332901018e+03
1.287378514887797564e+03
1.277988272547137967e+03
1.268717365847507608e+03
1.259573248481847031e+03
1.250548517442597131e+03
1.241658054772947708e+03
1.232894457465339428e+03
1.224265179212712837e+03
1.215762817007508147e+03
1.207394824542665901e+03
1.199168655511126417e+03
1.191076906905330361e+03
1.183127032418218050e+03
1.175319057392479863e+03
1.167653007170806404e+03
1.160128907095887826e+03
1.152746782510414505e+03
1.145514087107326986e+03
1.138423417879065937e+03
1.131482228518571674e+03
1.124690544368534347e+03
1.118040962421394852e+03
1.111540936370093050e+03
1.105190491557319774e+03
1.098997081676015341e+03
1.092945875368370253e+03
1.087044326327324825e+03
1.081299888245819375e+03
1.075705158116294342e+03
1.070260161281440560e+03
1.064972351434198117e+03
1.059834325567007681e+03
1.054846109022559176e+03
1.050007727143543661e+03
1.045326633622900999e+03
1.040795425453072085e+03
1.036414127976746840e+03
1.032190194886866266e+03
1.028116223175870573e+03
1.024192238186449913e+03
1.020418265261294891e+03
1.016794329743096114e+03
1.013327885324793783e+03
1.010004100648578515e+03
1.006837857757640450e+03
1.003814325294170430e+03
1.000940956951108546e+03
9.982177780711451760e+02
9.956448139969709246e+02
9.932146617210261184e+02
9.909347749362515287e+02
9.887903379517226767e+02
9.867963111450571887e+02
9.849379571597589802e+02
9.832228236900804177e+02
9.816361733795251894e+02
9.801929822725965096e+02
9.788785130127974980e+02
9.777003132943815444e+02
9.766585024613517589e+02
9.757383431572110339e+02
9.749548114264632659e+02
9.742931699126112335e+02
9.737535379596582743e+02
9.733508916121074890e+02
9.730630651632121726e+02
9.729050346574757668e+02
9.728769194389011545e+02
9.729639821509916828e+02
9.731737704880007414e+02
9.735064037939313266e+02
9.739545730625369515e+02
9.745183976378202715e+02
9.751831401632853158e+02
9.759637766834346166e+02
9.768381414915216965e+02
9.778212106320496559e+02
9.788982467485220695e+02
9.800693691849417064e+02
9.813495539858120082e+02
9.827166354443862701e+02
9.841855896051674790e+02
9.857416791116588684e+02
9.873998800083639935e+02
9.891454549387858606e+02
9.909859515971777455e+02
9.929066326270425407e+02
9.949001890221339863e+02
9.969815968269550694e+02
9.991361186850091372e+02
1.001356445590049248e+03
1.003650125236328449e+03
1.006009848617600483e+03
1.008428306727618065e+03
1.010920475610884750e+03
1.013471617910903660e+03
1.016081852971678018e+03
1.018751300137210933e+03
1.021480078751505857e+03
1.024260879808315849e+03
1.027093822651644132e+03
1.029971591767275413e+03
1.032894273959370139e+03
1.035861949524119609e+03
1.038874698757716260e+03
1.041917745255851287e+03
1.044998597664966837e+03
1.048109907931004500e+03
1.051251756350155802e+03
1.054416794868362786e+03
1.057612532132067145e+03
1.060831620087210467e+03
1.064074139029984963e+03
1.067332740906331992e+03
1.070607506012443309e+03
1.073891086294260958e+03
1.077190990398226177e+03
1.080492441920031297e+03
1.083810377856367722e+03
1.087122593452677393e+03
1.090444025705651711e+03
1.093759898210983010e+03
1.097077719615112755e+03
1.100382713513732824e+03
1.103682388553284454e+03
1.106969396679710144e+03
1.110251246539450904e+03
1.113513161728199066e+03
1.116762650892396096e+03
1.119984937627734098e+03
1.123194958930904249e+03
1.126377938397599110e+03
1.129533956324009523e+03
1.132663093006327927e+03
1.135765428740745847e+03
1.138833615473204873e+03
1.141867733499896985e+03
1.144867863117014167e+03
1.147826656270497324e+03
1.150744193256539120e+03
1.153620554371330854e+03
1.156455819911064509e+03
1.159242641821681445e+03
1.161981100399373872e+03
1.164671275940333544e+03
1.167313248740751760e+03
1.169899670746570564e+03
1.172438050604231876e+03
1.174921040259677284e+03
1.177341291658848149e+03
1.179713741798437013e+03
1.182016169639829286e+03
1.184263430759438052e+03
1.186440651048620566e+03
1.188562669799733158e+03
1.190614612904133764e+03
1.192596462953678838e+03
1.194515630890475904e+03
1.196357242605881765e+03
1.198136137392253659e+03
1.199837441140948158e+03
1.201468564794073245e+03
1.203022062593235432e+03
1.204505345480541564e+03
1.205910967697599062e+03
1.207238911836265288e+03
1.208489160488396692e+03
1.209661696245850408e+03
1.210756501700483796e+03
1.211766131093904278e+03
1.212690567017968078e+03
1.213537220414782723e+03
1.214298645525955180e+03
1.214974824943342810e+03
1.215573169609052457e+03
1.216078805414441149e+03
1.216491714951366021e+03
1.216826737512184309e+03
1.217076427338502526e+03
1.217233338671928323e+03
1.217312310804818708e+03
1.217298469628530711e+03
1.217199226085170721e+03
1.217014562766597010e+03
1.216737033914416088e+03
1.216374050470734574e+03
1.215925595027410054e+03
1.215384221826049725e+03
1.214757341808760202e+03
1.214044937567399074e+03
1.213232134993322916e+03
1.212341201729139129e+03
1.211357263666204517e+03
1.210287731746626605e+03
1.209125160212011906e+03
1.207876960004467719e+03
1.206543113715851405e+03
1.205123603938019642e+03
1.203610984912579625e+03
1.202012667581638652e+03
1.200328634537053176e+03
1.198558857703189233e+03
1.196703266334443924e+03
1.194769207367972967e+03
1.192741742690182718e+03
1.190635647588478605e+03
1.188443412299516467e+03
1.186172383760452249e+03
1.183822480558191273e+03
1.181393621279640001e+03
1.178885724511703984e+03
1.176298708841288999e+03
1.173639921205550536e+03
1.170901851841144889e+03
1.168091847685227549e+03
1.165209827324704520e+03
1.162248280996231415e+03
1.159214555636964178e+03
1.156108569833808815e+03
1.152937670523920360e+03
1.149694347943955336e+03
1.146385949031069458e+03
1.143012392372168279e+03
1.139573596554158030e+03
1.136069480163943808e+03
1.132499961788432074e+03
1.128872388364778089e+03
1.125186678479888315e+03
1.121435322370417907e+03
1.117633095323772977e+03
1.113772487576609592e+03
1.109853417715832848e+03
1.105883232678599143e+03
1.101861851051813801e+03
1.097789191422383283e+03
1.093665172377213139e+03
1.089489712503208693e+03
1.085270158737526117e+03
1.081006429667071416e+03
1.076698443878749913e+03
1.072338691609218131e+03
1.067949376496130981e+03
1.063515560425894819e+03
1.059044590335665362e+03
1.054543813162598099e+03
1.050005719143349552e+03
1.045430226864824817e+03
1.040824683264180067e+03
1.036196435278570789e+03
1.031537973144653279e+03
1.026849215449332860e+03
1.022137513231836124e+03
1.017402805589422201e+03
1.012645035721420527e+03
1.007871575177410818e+03
1.003074938806472574e+03
9.982624981581851671e+02
9.934341964318784903e+02
9.885974051771321456e+02
9.837520675932756831e+02
9.788906985293884873e+02
9.740206695350506152e+02
9.691493521598413281e+02
9.642692612528402378e+02
9.593877683636270604e+02
9.545122450417810569e+02
9.496277777861322420e+02
9.447491664965102700e+02
9.398763543722442364e+02
9.350092846126641462e+02
9.301404720668494974e+02
9.252921449848798829e+02
9.204419615153348104e+02
9.156121499082939863e+02
9.107877966625869703e+02
9.059837016780434169e+02
9.011923798037428242e+02
8.964212025892649081e+02
8.916701132339391052e+02
8.869464832873450177e+02
8.822428275985623713e+02
8.775590893669208299e+02
8.729026401419997683e+02
8.682808514733790162e+02
8.636788098598879060e+02
8.591113152013562058e+02
8.545708823468636410e+02
8.500648828459893593e+02
8.455932598980633657e+02
8.411559567024150965e+02
8.367529164583742158e+02
8.323915107155203259e+02
8.280716826731829769e+02
8.237859471804416671e+02
8.195416757868763398e+02
8.153388116918162041e+02
8.111847264448409760e+02
8.070719348950304948e+02
8.030078085919637942e+02
7.989848623847210547e+02
7.950178961731317031e+02
7.910920086364005783e+02
7.872146322259844737e+02
7.833932115737153481e+02
7.796203346109250560e+02
7.759034459694457837e+02
7.722425619308596652e+02
7.686376987767484934e+02
7.650888727886944025e+02
7.615886718980294745e+02
7.581593974370855449e+02
7.547787806366947052e+02
7.514616944789391937e+02
7.482081552454005760e+02
7.450107508674113888e+02
7.418769259768032498e+02
7.387992685049084685e+02
7.357926514338087145e+02
7.328496626948364110e+02
7.299703185695733509e+02
7.271546353396014410e+02
7.244026292865029291e+02
7.217217450421097737e+02
7.191045705377540571e+02
7.165503792199925783e+02
7.140666157206575235e+02
7.116510678162559316e+02
7.093037517883697092e+02
7.070246839185809904e+02
7.048138804884717956e+02
7.026721006146490254e+02
7.005993605786948137e+02
6.985956766621910674e+02
6.966610651467199204e+02
6.947955423138632796e+02
6.929998672802282726e+02
6.912733134923718126e+02
6.896166400669011409e+02
6.880291204503730569e+02
6.865107709243695808e+02
6.850630934405228345e+02
6.836846186103647369e+02
6.823753627154774222e+02
6.811353420374427969e+02
6.799653156928679891e+02
6.788630714582599239e+02
6.778301112852507231e+02
6.768649657853723056e+02
6.759683940752317994e+02
6.751389267663611236e+02
6.743765801403422984e+02
6.736813784506611000e+02
6.730526350033932204e+02
6.724896710765178796e+02
6.719918079480145252e+02
6.715605954009373590e+02
6.711931262081911882e+02
6.708902073178047658e+02
6.706511600077576531e+02
6.704753055560295252e+02
6.703612224055743809e+02
6.703097175044216556e+02
6.703193692955256893e+02
6.703894990568660432e+02
6.705194280664217104e+02
6.707084776021722519e+02
6.709559689420970017e+02
6.712612233641754074e+02
6.716235621463865755e+02
6.720423065667101810e+02
6.725160350681002228e+02
6.730448117635613698e+02
6.736279579310728423e+02
6.742633091785638726e+02
6.749509296190390160e+02
6.756893976954526124e+02
6.764780346857838822e+02
6.773161618680121592e+02
6.782023576850920108e+02
6.791352005799776634e+02
6.801147546656733311e+02
6.811395983851336950e+02
6.822075673462877603e+02
6.833194684971650759e+02
6.844731374456949879e+02
6.856671526348319503e+02
6.869015781775799496e+02
6.881742496818686732e+02
6.894852312607024487e+02
6.908323585220105088e+02
6.922142099087471934e+02
6.936308495339170577e+02
6.950801130054491068e+02
6.965613216013231295e+02
6.980723109294681308e+02
6.996131451028885522e+02
7.011816597295138536e+02
7.027771760873233688e+02
7.043975297842463306e+02
7.060427849332871801e+02
7.077107771423752638e+02
7.094008245969264408e+02
7.111114902770783601e+02
7.128435625754796092e+02
7.145881730294543104e+02
7.163557668869765394e+02
7.181389613554199514e+02
7.199378019924089358e+02
7.217523343555672000e+02
7.235751756522686264e+02
7.254063714401373772e+02
7.272459672767972734e+02
7.291014370701224152e+02
7.309579696772365196e+02
7.328230390060139143e+02
7.346966906140781930e+02
7.365641133585535272e+02
7.384402094975638420e+02
7.403175962384830200e+02
7.421888907886850575e+02
7.440689954062941069e+02
7.459356705981838331e+02
7.478038186224783885e+02
7.496660566865516557e+02
7.515224303480276831e+02
7.533655568142803531e+02
7.552029099931835390e+02
7.570345354423614026e+02
7.588530503691878266e+02
7.606585003312867457e+02
7.624435025360321561e+02
7.642229592415478692e+02
7.659820593049581703e+02
7.677208482838866530e+02
7.694393717359575930e+02
7.711451035690447497e+02
7.728306609905221194e+02
7.744886612077636983e+02
7.761265781286435868e+02
7.777370289605354401e+02
7.793274876113134724e+02
7.808905712883513388e+02
7.824263255492735425e+02
7.839422243019535017e+02
7.854234564035155017e+02
7.868700674115833635e+02
7.882895312340310738e+02
7.896818934284825673e+02
7.910323428520619018e+02
7.923557817628930025e+02
7.936373990180996998e+02
7.948920875719982178e+02
7.961049897626717211e+02
7.972835236751460570e+02
7.984276790441966796e+02
7.995300172543492181e+02
8.005905280403790130e+02
8.016092011370617456e+02
8.025934546294231495e+02
8.035284215517384609e+02
8.044289483392832381e+02
8.052801680263330582e+02
8.060894986979136547e+02
8.068495017385505435e+02
8.075675952332688894e+02
8.082363405665946630e+02
8.088631558235532566e+02
8.094406023886701860e+02
8.099760983469709572e+02
8.104622050829813134e+02
8.108989123314764811e+02
8.112862098272323692e+02
8.116240873050240907e+02
8.119199628498777201e+02
8.121589694960682664e+02
8.123485253286215766e+02
8.124886200823131048e+02
8.125718151416683668e+02
8.126055285917130959e+02
8.125897501672226326e+02
8.125244696029726583e+02
8.124022482834885750e+02
8.122305042937960025e+02
8.120017990184205701e+02
8.117235505423875566e+02
8.113883202502225913e+02
8.110035262269515215e+02
8.105617298570996354e+02
8.100629208754423871e+02
8.095145173670056238e+02
8.089165090665644584e+02
8.082614573586448614e+02
8.075493519780220595e+02
8.067801826594718477e+02
8.059613674880197323e+02
8.050854678481911151e+02
8.041524734747614502e+02
8.031698024527565849e+02
8.021300161667018074e+02
8.010331043513729128e+02
7.998864850917950662e+02
7.986901418662721426e+02
7.974366047769693751e+02
7.961258260198302423e+02
7.947651861410480478e+02
7.933546373365663840e+02
7.918941318023283884e+02
7.903836217342775399e+02
7.888156309781074924e+02
7.871975400800112084e+02
7.855293012359322802e+02
7.838108666418141866e+02
7.820421884936001788e+02
7.802232189872336221e+02
7.783539103186579950e+02
7.764342146838167764e+02
7.744715126289032696e+02
7.724583279996109013e+02
7.704020413421328612e+02
7.682951765021629171e+02
7.661376856756442066e+02
7.639443777590200853e+02
7.617003482477340413e+02
7.594055493377295534e+02
7.570747899254498634e+02
7.546931655063383459e+02
7.522754849768386975e+02
7.498142721826437764e+02
7.473094793196975161e+02
7.447684869341929925e+02
7.421838188718237461e+02
7.395628556787829666e+02
7.368981212007643080e+02
7.341969959839610738e+02
7.314668605745665673e+02
7.286928104680241631e+02
7.258896545607774442e+02
7.230424883482696714e+02
7.201661207269442002e+02
7.172605038927446230e+02
7.143144475162389426e+02
7.113390463187461137e+02
7.083327668261590588e+02
7.052963040694462507e+02
7.022296102445512815e+02
6.991341232174671632e+02
6.960105380191628228e+02
6.928602925156313859e+02
6.896833389028161037e+02
6.864811150467105563e+02
6.832543159782831026e+02
6.800036383667675182e+02
6.767312711045092328e+02
6.734364333820191177e+02
6.701205728948827982e+02
6.667851373386863543e+02
6.634300887389655372e+02
6.600561319562808649e+02
6.566647146862186446e+02
6.532565417893395079e+02
6.498323181262043136e+02
6.463927485573736931e+02
6.429407664484836005e+02
6.394755909900450206e+02
6.359994127126685726e+02
6.325136793119401091e+02
6.290183528133953814e+02
6.255148809126204696e+02
6.220047113052008854e+02
6.184878060166728346e+02
6.149656127426218291e+02
6.114388363436088412e+02
6.079081816801943887e+02
6.043743536129397853e+02
6.008387998374304289e+02
5.973022252142275192e+02
5.937660774389164544e+02
5.902303185370335541e+02
5.866963962041643299e+02
5.831657581358945208e+02
5.796383663577602192e+02
5.761156685653470504e+02
5.725976267841909930e+02
5.690864315449026662e+02
5.655820448730181624e+02
5.620851716290981130e+02
5.585972595087282571e+02
5.551175277024198067e+02
5.516489095758081476e+02
5.481913671544293720e+02
5.447456052988441115e+02
5.413123288696134523e+02
5.378937283973480135e+02
5.344890230725585525e+02
5.311004034258561433e+02
5.277270886477515432e+02
5.243712692688553716e+02
5.210336501497286008e+02
5.177134504808822157e+02
5.144128607929267218e+02
5.111318431113981546e+02
5.078711090366163035e+02
5.046313971279368502e+02
5.014141955194998559e+02
4.982187638403699452e+02
4.950465902246869518e+02
4.918984199715657724e+02
4.887749983801211329e+02
4.856770707494678163e+02
4.826053823787207762e+02
4.795599357319696878e+02
4.765414761083293342e+02
4.735514916419397764e+02
4.705892419618655822e+02
4.676569580372715791e+02
4.647538994972226760e+02
4.618815544758587066e+02
4.590391826022444093e+02
4.562282720105195608e+02
4.534495679997990010e+02
4.507023301991475819e+02
4.479887895777300741e+02
4.453074629295864497e+02
4.426598383888563149e+02
4.400466612546544525e+02
4.374679339910708791e+02
4.349236590621952701e+02
4.324153246021674022e+02
4.299429330750772920e+02
4.275072297800395518e+02
4.251074743461189769e+02
4.227451549074555714e+02
4.204202739281389540e+02
4.181328338722590274e+02
4.158828372039056376e+02
4.136702863871684599e+02
4.114966695561874417e+02
4.093612463400273214e+02
4.072640192027780017e+02
4.052057334435541520e+02
4.031863915264456750e+02
4.012059959155424167e+02
3.992652919099591031e+02
3.973635391387606433e+02
3.955014829010617632e+02
3.936791256609523089e+02
3.918957270474970755e+02
3.901527751948358400e+02
3.884495297320335112e+02
3.867852502881548276e+02
3.851621678323646165e+02
3.835780612192822900e+02
3.820337002260453687e+02
3.805291166903710973e+02
3.790643424499766070e+02
3.776394093425790288e+02
3.762536063708705001e+02
3.749077082075933163e+02
3.736010038554395010e+02
3.723335251521262990e+02
3.711053039353707845e+02
3.699163720428902025e+02
3.687667613124016270e+02
3.676557607465973092e+02
3.665834021831943801e+02
3.655497174599100276e+02
3.645547384144612693e+02
3.635977540495405265e+02
3.626787962028647030e+02
3.617971538771261066e+02
3.609528589100418117e+02
3.601459431393290060e+02
3.593756955676799407e+02
3.586421480328116331e+02
3.579445895374163911e+02
3.572830519192112320e+02
3.566575670159134006e+02
3.560666809951900404e+02
3.555111685297833333e+02
3.549903186223853595e+02
3.545034202756884270e+02
3.540505053274095530e+02
3.536308627802409319e+02
3.532437816368748145e+02
3.528900365700532689e+02
3.525681737474433817e+02
3.522774821717375175e+02
3.520187365156777446e+02
3.517904829469311494e+02
3.515927533032149768e+02
3.514248365872213640e+02
3.512860218016424483e+02
3.511763407841954177e+02
3.510950825375724662e+02
3.510422788994906682e+02
3.510164760376172808e+02
3.510177057896694350e+02
3.510452571583392114e+02
3.510984191463189177e+02
3.511772235913255713e+02
3.512802166610263725e+02
3.514074296039370893e+02
3.515588913117679226e+02
3.517324015819525584e+02
3.519294743870497086e+02
3.521479095244931159e+02
3.523869924617664537e+02
3.526474943364036108e+02
3.529279577808631529e+02
3.532284110976539182e+02
3.535473969192346431e+02
3.538849435481139949e+02
3.542395936167507102e+02
3.546121182626786208e+02
3.550010601183563494e+02
3.554057046512676266e+02
3.558253373288962962e+02
3.562599864537510257e+02
3.567089374933154886e+02
3.571707330800485352e+02
3.576454015164587759e+02
3.581322282700299979e+02
3.586304988082459886e+02
3.591394985985904214e+02
3.596592559435721341e+02
3.601883134756496929e+02
3.607266994973318219e+02
3.612736994761024221e+02
3.618293417144701607e+02
3.623914260098687237e+02
3.629599806648068920e+02
3.635357768168183270e+02
3.641158714283118911e+02
3.647010356368211887e+02
3.652905549098300639e+02
3.658837147148221334e+02
3.664798005192812411e+02
3.670780977906910039e+02
3.676786348315602595e+02
3.682806971093726816e+02
3.688828272565870066e+02
3.694850535757120156e+02
3.700874043692564328e+02
3.706876794346539441e+02
3.712873927444632614e+02
3.718836012610931903e+02
3.724778189571024996e+02
3.730685884649497552e+02
3.736544524170938644e+02
3.742361819510684882e+02
3.748130625343573001e+02
3.753843750760002536e+02
3.759493822512617953e+02
3.765080850119874185e+02
3.770597414749977361e+02
3.776043525921382980e+02
3.781404336452046664e+02
3.786679855860424482e+02
3.791862665314721426e+02
3.796960202683644070e+02
3.801950192434897531e+02
3.806840072437187246e+02
3.811614995508469406e+02
3.816274971167199510e+02
3.820820008931832490e+02
3.825242689970575611e+02
3.829543023801883237e+02
3.833706163243710989e+02
3.837732117814515505e+02
3.841628325383001652e+02
3.845372510416875684e+02
3.848979539135092978e+02
3.852434564355609155e+02
3.855730167246629776e+02
3.858881214027110218e+02
3.861865429164757870e+02
3.864682822178025958e+02
3.867340830935621625e+02
3.869824608255501062e+02
3.872134163656118631e+02
3.874269506655929831e+02
3.876223218423141361e+02
3.877995308476209289e+02
3.879578357983337469e+02
3.880972376462983107e+02
3.882169945083351763e+02
3.883185930063398814e+02
3.884005484221079314e+02
3.884628617074849899e+02
3.885055338143164931e+02
3.885285656944482184e+02
3.885319582997255452e+02
3.885149697469691432e+02
3.884776009880245056e+02
3.884191101397123020e+02
3.883409838239280134e+02
3.882409944874422081e+02
3.881198859171254867e+02
3.879784018998483930e+02
3.878143148823815523e+02
3.876298543216454391e+02
3.874235318311488641e+02
3.871960728563279304e+02
3.869474563393069957e+02
3.866769183871855375e+02
3.863844379420877431e+02
3.860707367811631343e+02
3.857350510115108477e+02
3.853773595752554115e+02
3.849976414145211265e+02
3.845966183064574011e+02
3.841735263581634285e+02
3.837283445117636234e+02
3.832617945444074508e+02
3.827731125631941040e+02
3.822637631802980991e+02
3.817329825028185724e+02
3.811807494728800521e+02
3.806077858676317760e+02
3.800140706291981587e+02
3.793995826997036147e+02
3.787643010212722743e+02
3.781082045360287225e+02
3.774320150211221971e+02
3.767349685836519484e+02
3.760185298357926058e+02
3.752811920496183120e+02
3.745244198373034692e+02
3.737481921409723782e+02
3.729517450677244597e+02
3.721365432297340021e+02
3.713018227341003694e+02
3.704483053579730267e+02
3.695759700434761044e+02
3.686855385677591812e+02
3.677762470379215074e+02
3.668495600661373146e+02
3.659054565945311310e+02
3.649431727302022637e+02
3.639641730853250010e+02
3.629684366020237576e+02
3.619551993873978404e+02
3.609259260536216516e+02
3.598805955428194920e+02
3.588184439620907256e+02
3.577409359236096407e+02
3.566473075344757149e+02
3.555390234068631798e+02
3.544153196478715131e+02
3.532776608696749463e+02
3.521252831793729001e+02
3.509596514163699226e+02
3.497807456589416120e+02
3.485885462125937693e+02
3.473837762178571893e+02
3.461671588152627805e+02
3.449386743103162871e+02
3.436983030085235100e+02
3.424467680504153577e+02
3.411840497414974607e+02
3.399108712223008411e+02
3.386272127983312998e+02
3.373337976101194613e+02
3.360306059631713538e+02
3.347183609980176584e+02
3.333977858551892837e+02
3.320688608401919737e+02
3.307323090935565801e+02
3.293881109207889040e+02
3.280369894624198537e+02
3.266789250239551166e+02
3.253146407459255443e+02
3.239448597688619884e+02
3.225688195632451993e+02
3.211872432696060855e+02
3.198015968635004356e+02
3.184111178154090567e+02
3.170165292658627436e+02
3.156185543553922912e+02
3.142179162245286079e+02
3.128138523437523872e+02
3.114085715236445822e+02
3.100013112346859430e+02
3.085927946174072645e+02
3.071830019773144045e+02
3.057726564549381010e+02
3.043624811908092624e+02
3.029517136554087529e+02
3.015418198242922472e+02
3.001320371679406094e+02
2.987238316619096850e+02
2.973171836117052180e+02
2.959120733228332369e+02
2.945099667708493030e+02
2.931101014262343369e+02
2.917132004295192473e+02
2.903199869212346016e+02
2.889311840419114787e+02
2.875452864270056352e+02
2.861645028870977399e+02
2.847880708926687703e+02
2.834167167446590838e+02
2.820511793856474583e+02
2.806907152485724737e+02
2.793368092714474642e+02
2.779894607222358900e+02
2.766494117039262051e+02
2.753159186494567621e+02
2.739904664968411794e+02
2.726723116790176391e+02
2.713636819690247535e+02
2.700623481297510011e+02
2.687705379342346532e+02
2.674882506504392836e+02
2.662154855463282388e+02
2.649522418898650358e+02
2.636985189490130210e+02
2.624558016617856993e+02
2.612240892961464738e+02
2.600026382850338109e+02
2.587929335664611585e+02
2.575949744083918631e+02
2.564080172437645047e+02
2.552335470105923605e+02
2.540708201418140106e+02
2.529213215754427893e+02
2.517843077444171911e+02
2.506605207517256133e+02
2.495499598653314877e+02
2.484526243531983312e+02
2.473685134832894903e+02
2.462991121936184413e+02
2.452436769171236790e+02
2.442022069217684646e+02
2.431747014755164287e+02
2.421619026813559117e+02
2.411645526422753960e+02
2.401811649561881836e+02
2.392132245611079213e+02
2.382599878899728765e+02
2.373221970457715599e+02
2.363998512964674319e+02
2.354936927450488611e+02
2.346029778244543138e+02
2.337277058026472218e+02
2.328686187826160392e+02
2.320257160323242260e+02
2.311989968197351288e+02
2.303884604128123215e+02
2.295941060795191220e+02
2.288166759228440128e+02
2.280546860717728066e+02
2.273096341196810499e+02
2.265807916859416480e+02
2.258689160599774652e+02
2.251732788611615490e+02
2.244946373789166501e+02
2.238322632326157589e+02
2.231861708766568597e+02
2.225578604354877257e+02
2.219458606934563534e+02
2.213501861049606418e+02
2.207715939594235408e+02
2.202093558762178702e+02
2.196634863097416428e+02
2.191347425494177514e+02
2.186223962146190161e+02
2.181264617597434494e+02
2.176469536391890358e+02
2.171846291423784692e+02
2.167380170536598882e+02
2.163078746624561006e+02
2.158942164231649770e+02
2.154963139551595361e+02
2.151156673828876080e+02
2.147500626556721386e+02
2.144002570629361060e+02
2.140670078941023178e+02
2.137488439335187138e+02
2.134465224706082438e+02
2.131600579597688068e+02
2.128887220203733079e+02
2.126317862717946809e+02
2.123907508384808409e+02
2.121641445047796140e+02
2.119527245601140635e+02
2.117557626238569810e+02
2.115732731504063793e+02
2.114052705941601289e+02
2.112510265744910782e+02
2.111105555457972116e+02
2.109838719624764849e+02
2.108709902789267119e+02
2.107719249495458769e+02
2.106852047586818628e+02
2.106115869957575626e+02
2.105510861151709321e+02
2.105029737362948765e+02
2.104672643135273518e+02
2.104432294662412062e+02
2.104308836488343104e+02
2.104309843119600032e+02
2.104420610461176295e+02
2.104641292730868543e+02
2.104972044146474843e+02
2.105413018925791562e+02
2.105956942936365976e+02
2.106603970395995020e+02
2.107354255522475626e+02
2.108200524183355640e+02
2.109142930596430574e+02
2.110181628979499635e+02
2.111301916849858458e+02
2.112518805125804420e+02
2.113817591324634577e+02
2.115191001313895640e+02
2.116654046011885271e+02
2.118192022935900525e+02
2.119797657953488397e+02
2.121485961982945696e+02
2.123234804191319540e+02
2.125051767146657085e+02
2.126937005066755830e+02
2.128875815468911696e+02
2.130875780921172975e+02
2.132937055641336599e+02
2.135044937146699056e+02
2.137199579655057562e+02
2.139401137384209335e+02
2.141642336201701369e+02
2.143930758675580535e+02
2.146251702323144741e+02
2.148612749712440291e+02
2.151006626711014178e+02
2.153426059186414250e+02
2.155878629706686809e+02
2.158349635789129195e+02
2.160846660001787995e+02
2.163362428212211057e+02
2.165889666287945090e+02
2.168435956797037818e+02
2.170994025607034814e+02
2.173556598585484778e+02
2.176116401599933283e+02
2.178688445568679128e+02
2.181250599658768010e+02
2.183817874788497591e+02
2.186375568475164641e+02
2.188916406586316157e+02
2.191455400040249799e+02
2.193970418004012117e+02
2.196476448709234717e+02
2.198958676239886358e+02
2.201417118693771329e+02
2.203851794168691924e+02
2.206262720762451863e+02
2.208642488222604925e+02
2.210983686296704605e+02
2.213293761432803706e+02
2.215565303378456008e+02
2.217798330231464377e+02
2.219985431739383444e+02
2.222126626000014653e+02
2.224214502760913206e+02
2.226256508470132474e+02
2.228245232875224815e+02
2.230173265723744009e+02
2.232055481813993367e+02
2.233869614193026223e+02
2.235630537659146739e+02
2.237323413609657905e+02
2.238955688492612808e+02
2.240527380405814881e+02
2.242023650746567398e+02
2.243451945962924583e+02
2.244812284152689301e+02
2.246089826713164541e+02
2.247292020092403959e+02
2.248418882388211557e+02
2.249463003348140262e+02
2.250424401069993507e+02
2.251310522001824381e+02
2.252106527540936725e+02
2.252812435785133687e+02
2.253435693182468924e+02
2.253968889480495363e+02
2.254412042777017291e+02
2.254757742819587065e+02
2.255013436056258627e+02
2.255171712234585755e+02
2.255232589452371030e+02
2.255188657457168517e+02
2.255047362697031303e+02
2.254808723269762538e+02
2.254465328922916001e+02
2.254024626104545348e+02
2.253479204562203222e+02
2.252821654043443687e+02
2.252066849346570052e+02
2.251207380219134961e+02
2.250243264758942985e+02
2.249167073119254212e+02
2.247986153776660387e+02
2.246692978912960541e+02
2.245287449060203357e+02
2.243769464750438658e+02
2.242146354865964497e+02
2.240403163238329398e+02
2.238554647100084196e+02
2.236585850282775993e+02
2.234511530018955341e+02
2.232316730140169909e+02
2.230016207878969112e+02
2.227595007066902042e+02
2.225060456586267321e+02
2.222419885319364425e+02
2.219658337097742447e+02
2.216783140803699723e+02
2.213801625319535731e+02
2.210698834476798993e+02
2.207489525508038639e+02
2.204166170595053984e+02
2.200721241919643774e+02
2.197169496714357138e+02
2.193503407160993106e+02
2.189730302141850302e+02
2.185835225488477533e+02
2.181832934433424498e+02
2.177715901158489373e+02
2.173491454545971635e+02
2.169159495127920252e+02
2.164719923436384192e+02
2.160172640003412425e+02
2.155517545361053635e+02
2.150754540041357359e+02
2.145898381276871874e+02
2.140926684548896901e+02
2.135854207089980434e+02
2.130688277782422801e+02
2.125413940457771673e+02
2.120038523998326809e+02
2.114561928936136894e+02
2.108984055803250612e+02
2.103312233481967723e+02
2.097546362504336912e+02
2.091678915052157208e+02
2.085724648357976889e+02
2.079676034603595554e+02
2.073532974321062170e+02
2.067302796392675361e+02
2.060977973000234726e+02
2.054565830398497610e+02
2.048066255981808865e+02
2.041479134516970646e+02
2.034804350770787380e+02
2.028049217860311160e+02
2.021206192202096190e+02
2.014290015263444218e+02
2.007285715110660362e+02
2.000215461561296308e+02
1.993064282681655470e+02
1.985846919939041584e+02
1.978555829750007433e+02
1.971198325231606248e+02
1.963766862800391380e+02
1.956276183923665712e+02
1.948718745017982599e+02
1.941101859200395268e+02
1.933417982887456787e+02
1.925681857546470610e+02
1.917878511243739865e+02
1.910030113796817091e+02
1.902121693272006269e+02
1.894160562786360344e+02
1.886161463807182770e+02
1.878101996050525884e+02
1.870004329333943645e+02
1.861860920073988837e+02
1.853679081387714973e+02
1.845458698041925061e+02
1.837192226453172168e+02
1.828894408088759462e+02
1.820557699365240580e+02
1.812189413399668183e+02
1.803789434958845845e+02
1.795365077159826797e+02
1.786916224769413475e+02
1.778435334204160085e+02
1.769937146931368943e+02
1.761421547717843907e+02
1.752888421330387700e+02
1.744337652535803613e+02
1.735776554451145159e+02
1.727197583492965123e+02
1.718615481128566671e+02
1.710022703774503157e+02
1.701419136197577870e+02
1.692812091514844042e+02
1.684201454493104393e+02
1.675594538249412722e+02
1.666983799200321528e+02
1.658376564943915810e+02
1.649772792652154294e+02
1.641179882328276847e+02
1.632590377275024593e+02
1.624019105845887054e+02
1.615451182993354280e+02
1.606901437070917211e+02
1.598369839731565492e+02
1.589848934278039394e+02
1.581353549063829291e+02
1.572876227391675457e+02
1.564424369264817756e+02
1.555997946336246400e+02
1.547596930258952170e+02
1.539221292685924709e+02
1.530878433620404167e+02
1.522568324715381323e+02
1.514290937623846389e+02
1.506046243998788725e+02
1.497841643843449049e+02
1.489669680460567918e+02
1.481545182203635136e+02
1.473460692375390693e+02
1.465423610979075306e+02
1.457433909667678904e+02
1.449491560094191698e+02
1.441596533911604183e+02
1.433748802772906004e+02
1.425955766681337877e+02
1.418217397289890016e+02
1.410526237901302409e+02
1.402897116869065144e+02
1.395322577495918495e+02
1.387810019785102895e+02
1.380351987039358619e+02
1.372955879261925531e+02
1.365629096456044067e+02
1.358356753574203992e+02
1.351153678969896248e+02
1.344019844296110762e+02
1.336947792855587522e+02
1.329944924651566964e+02
1.323011211337039015e+02
1.316139196214744231e+02
1.309343707638172702e+02
1.302624717260314355e+02
1.295974768383910032e+02
1.289393832661949375e+02
1.282889310097672819e+02
1.276461172344070150e+02
1.270109405777323843e+02
1.263834055666381175e+02
1.257635182003380976e+02
1.251520273130712582e+02
1.245481960690265595e+02
1.239520304674178277e+02
1.233642793424839965e+02
1.227842058584139977e+02
1.222125588494467650e+02
1.216493443147961813e+02
1.210938254186511642e+02
1.205467509952506191e+02
1.200081270438084431e+02
1.194779595635385618e+02
1.189555117186299071e+02
1.184422751783463639e+02
1.179375131068768781e+02
1.174412315034353185e+02
1.169526935322106027e+02
1.164733908624666583e+02
1.160025866583923886e+02
1.155402869192017334e+02
1.150872404791335555e+02
1.146419676673518069e+02
1.142059601531203725e+02
1.137777382656031762e+02
1.133587936740641311e+02
1.129483895426921691e+02
1.125457890356761368e+02
1.121524838222800042e+02
1.117677370666926606e+02
1.113915547681280458e+02
1.110232000907750347e+02
1.106641647038975407e+02
1.103129689366595017e+02
1.099711044583248167e+02
1.096370915980573812e+02
1.093116791900961289e+02
1.089941303986299630e+02
1.086859368929228253e+02
1.083848761671135179e+02
1.080924398904661103e+02
1.078086340621944004e+02
1.075327218464873482e+02
1.072647092425588511e+02
1.070046022496228204e+02
1.067524068668931676e+02
1.065081290935837899e+02
1.062717749289086271e+02
1.060433503720815906e+02
1.058228617412136714e+02
1.056095737949792976e+02
1.054034944459749994e+02
1.052053744418223005e+02
1.050137360250677148e+02
1.048300727783577884e+02
1.046536497792640148e+02
1.044844749403829525e+02
1.043218133392861233e+02
1.041664157235950228e+02
1.040182900059061666e+02
1.038767012637911336e+02
1.037409145748213888e+02
1.036124235216434926e+02
1.034904931818289668e+02
1.033751314679743274e+02
1.032656034576510962e+02
1.031619170634557889e+02
1.030648230330099722e+02
1.029735864438851110e+02
1.028882152086777779e+02
1.028087172399844604e+02
1.027351004504016885e+02
1.026666299175010266e+02
1.026033135538789622e+02
1.025459021071570191e+02
1.024929178198817254e+02
1.024451114396746050e+02
1.024024908791322019e+02
1.023650640508510321e+02
1.023320960324025890e+02
1.023035947363834168e+02
1.022788252403650660e+02
1.022592811269940114e+02
1.022434846388168239e+02
1.022321865234549989e+02
1.022246518584800583e+02
1.022208885564885463e+02
1.022209045300769787e+02
1.022247076918418571e+02
1.022315631193547460e+02
1.022422215602371409e+02
1.022559480920605921e+02
1.022727506274216012e+02
1.022926370789166697e+02
1.023148725241173764e+02
1.023402077106452168e+02
1.023679077160717128e+02
1.023987232880183882e+02
1.024311766690317711e+02
1.024660178075087060e+02
1.025032506199222979e+02
1.025413925534709705e+02
1.025826752304781735e+02
1.026248732631173226e+02
1.026687326036618373e+02
1.027142563693601431e+02
1.027607048424356861e+02
1.028080811401368919e+02
1.028571312147371799e+02
1.029071153484599677e+02
1.029572938235287012e+02
1.030084125922167999e+02
1.030604747717726895e+02
1.031127406444198158e+02
1.031652133274065761e+02
1.032178959379814529e+02
1.032707915933927865e+02
1.033231605758640796e+02
1.033757488376687519e+02
1.034278166610301923e+02
1.034793671631968692e+02
1.035311462964421878e+02
1.035816715079645718e+02
1.036316887500374690e+02
1.036804583048842971e+02
1.037287261247784897e+02
1.037757524919434644e+02
1.038222833586526548e+02
1.038668361721044846e+02
1.039101568845723875e+02
1.039522486133047892e+02
1.039931144755501151e+02
1.040320147535318114e+02
1.040689525644983036e+02
1.041039310256979604e+02
1.041376960894043009e+02
1.041687652028156634e+02
1.041978843182055670e+02
1.042250565528223802e+02
1.042495421888895351e+02
1.042720871786804935e+02
1.042919518044186304e+02
1.043091391833524000e+02
1.043236524327302419e+02
1.043362375048256041e+02
1.043454118468368534e+02
1.043519214110374520e+02
1.043550264796508174e+02
1.043554730049504116e+02
1.043532630414690630e+02
1.043476515578524442e+02
1.043386352950556244e+02
1.043262109940337155e+02
1.043111182307667804e+02
1.042918680761599148e+02
1.042699429412182184e+02
1.042438538968467867e+02
1.042150833540506767e+02
1.041821423837350125e+02
1.041457705618798570e+02
1.041052217944152858e+02
1.040612356573214186e+02
1.040130660565283591e+02
1.039614525680161421e+02
1.039063919327398935e+02
1.038463952216047090e+02
1.037829448456156456e+02
1.037160375457278150e+02
1.036441843928462845e+02
1.035688677979761820e+02
1.034893416670475546e+02
1.034063455760405077e+02
1.033183905958601230e+02
1.032269591375114999e+02
1.031313051069247280e+02
1.030306824100298826e+02
1.029265734578320632e+02
1.028182321562613595e+02
1.027063980812978485e+02
1.025895823038466261e+02
1.024685243998877837e+02
1.023432211103764189e+02
1.022136691762676008e+02
1.020806081735414210e+02
1.019425491731029751e+02
1.018002317509323404e+02
1.016543954830096226e+02
1.015042942752649111e+02
1.013491820336282672e+02
1.011905411691048045e+02
1.010283684226496064e+02
1.008611748651677544e+02
1.006904429076643623e+02
1.005154264560694628e+02
1.003368650863632041e+02
1.001540127044756474e+02
9.996686605136187609e+01
9.977616470300199580e+01
9.958116256532609611e+01
9.938185575890223333e+01
9.917972359280045680e+01
9.897253058057880537e+01
9.876249824594525251e+01
9.854813393748288775e+01
9.833017350884969687e+01
9.810860997867871447e+01
9.788269353057796707e+01
9.765390285323047692e+01
9.742074529521926252e+01
9.718469954522736032e+01
9.694427295183778881e+01
9.670094420373358446e+01
9.645396348452274538e+01
9.620332381283832035e+01
9.594976104233832359e+01
9.569252535663076742e+01
9.543235260937370867e+01
9.516849298417514547e+01
9.490242516971811426e+01
9.463265651458563354e+01
9.435992287243573173e+01
9.408496009692645146e+01
9.380627553664076856e+01
9.352534788026176216e+01
9.324142731139741613e+01
9.295450684868077929e+01
9.266532234576985161e+01
9.237386682129771032e+01
9.207939045887232510e+01
9.178262911215173858e+01
9.148357579976898535e+01
9.118222354035705735e+01
9.087930818757402562e+01
9.057333709000290867e+01
9.026578893632668610e+01
8.995591391015341287e+01
8.964444786514113162e+01
8.933064098489782623e+01
8.901522912308156776e+01
8.869820529832534817e+01
8.837956252926218781e+01
8.805855099950014164e+01
8.773664939772218929e+01
8.741385074256140797e+01
8.708866238260078774e+01
8.676330584154835890e+01
8.643628846798716836e+01
8.610760328055020807e+01
8.577872896792052870e+01
8.544817469593083104e+01
8.511742823951261983e+01
8.478500785074709256e+01
8.445240312181543629e+01
8.411887513982385656e+01
8.378517066192853235e+01
8.345129361026069148e+01
8.311650507192646842e+01
8.278080896905710517e+01
8.244569489383380301e+01
8.211042393336272482e+01
8.177425717475006195e+01
8.143942704520203790e+01
8.110370896177481370e+01
8.076859251664961903e+01
8.043333879693263100e+01
8.009869455978002861e+01
7.976466372732302546e+01
7.943125022169282090e+01
7.909771512999559206e+01
7.876554804441254021e+01
7.843401005204985665e+01
7.810310507503872657e+01
7.777283703551037775e+01
7.744395269062096077e+01
7.711571312747670959e+01
7.678886510323378900e+01
7.646341254002339838e+01
7.613935935997675131e+01
7.581596665020003911e+01
7.549472400287440621e+01
7.517489250510610077e+01
7.485647607902632217e+01
7.453947864676622714e+01
7.422464696548202312e+01
7.391198495730489526e+01
7.360075370934107752e+01
7.329169997874673470e+01
7.298408485262804390e+01
7.267865508814122677e+01
7.237615744244246230e+01
7.207511016761296219e+01
7.177626002080890544e+01
7.147998234167398834e+01
7.118598391832938432e+01
7.089449152341383353e+01
7.060543479555600754e+01
7.031896622389209028e+01
7.003501544705078175e+01
6.975373495416829428e+01
