# k_h
9.999999999999997430e-06
1.071891319205129418e-05
1.148951000187308771e-05
1.231550603292825403e-05
1.320088400831417438e-05
1.414991297434575428e-05
1.516716888470925077e-05
1.625755666443793416e-05
1.742633386009649561e-05
1.867913599020781522e-05
2.002200371815583463e-05
2.146141197858406996e-05
2.300430119772916760e-05
2.465811075822606010e-05
2.643081486974103598e-05
2.833096101839322587e-05
3.036771118035461639e-05
3.255088599835055787e-05
3.489101213406776639e-05
3.739937302478794407e-05
4.008806328898462134e-05
4.297004704320845047e-05
4.605922041145102034e-05
4.937047852839006654e-05
5.291978735958437040e-05
5.672426068491973050e-05
6.080224261649428265e-05
6.517339604882416918e-05
6.985879746785253063e-05
7.488103857590027660e-05
8.026433522257166847e-05
8.603464416684509228e-05
9.221978823334317206e-05
9.884959046625590182e-05
1.059560179277616515e-04
1.135733358343106019e-04
1.217382727739661942e-04
1.304901978014400823e-04
1.398713102647238958e-04
1.499268432786046202e-04
1.607052818261639417e-04
1.722585965398787226e-04
1.846424942895541097e-04
1.979166867853557658e-04
2.121451784910630578e-04
2.273965752357928803e-04
2.437444150122221006e-04
2.612675225563328716e-04
2.800503894183631196e-04
3.001835813575589717e-04
3.217641750250736896e-04
3.448962260405761485e-04
3.696912707195024335e-04
3.962688638701478009e-04
4.247571552536898946e-04
4.552935074866949262e-04
4.880251583654435384e-04
5.231099308056257275e-04
5.607169938205456639e-04
6.010276782070382356e-04
6.442363508721371881e-04
6.905513520162331886e-04
7.401959996915634952e-04
7.934096665797489914e-04
8.504489341802676065e-04
9.115888299750818944e-04
9.771241535346502759e-04
1.047370897959450011e-03
1.122667773510813063e-03
1.203377840777589093e-03
1.289890261253307966e-03
1.382622173764655243e-03
1.482020705798858936e-03
1.588565129428053243e-03
1.702769172225898934e-03
1.825183494319042267e-03
1.956398343517062703e-03
2.097046401323232872e-03
2.247805833548725991e-03
2.409403560239525410e-03
2.582618760682674035e-03
2.768286630392063647e-03
2.967302408188869645e-03
3.180625692794119674e-03
3.409285069746812238e-03
3.654383070957253291e-03
3.917101490809256174e-03
4.198707084443909637e-03
4.500557675700497806e-03
4.824108704165369806e-03
5.170920242896757252e-03
5.542664520663099538e-03
5.941133984965031763e-03
6.368249944718585784e-03
6.826071834272386812e-03
7.316807143427194425e-03
7.842822061337684225e-03
8.406652885618322302e-03
9.011018251665016063e-03
9.658832241158698054e-03
1.035321843295661758e-02
1.109752496412072346e-02
1.189534067370318950e-02
1.275051240713012506e-02
1.366716356462005684e-02
1.464971398307284879e-02
1.570290124729377748e-02
1.683180353330957293e-02
1.804186409392070922e-02
1.933891750455229638e-02
2.072921779595369648e-02
2.221946860939523830e-02
2.381685551976158582e-02
2.552908068239516381e-02
2.736439997074669242e-02
2.933166278390043208e-02
3.144035471591499764e-02
3.370064329271928172e-02
3.612342699709429616e-02
3.872038781812552760e-02
4.150404757850473247e-02
4.448782831127584547e-02
4.768611697714469216e-02
5.111433483440166320e-02
5.478901179593938242e-02
5.872786613189476951e-02
6.294988990221887792e-02
6.747544053110694773e-02
7.232633896483534053e-02
7.752597488629457689e-02
8.309941949353386037e-02
8.907354638610440190e-02
9.547716114208057436e-02
1.023411402105452589e-01
1.096985797892384012e-01
1.175849554052155466e-01
1.260382929679727815e-01
1.350993521198025349e-01
1.448118227674533021e-01
1.552225357427048091e-01
1.663816886076127100e-01
1.783430876931909326e-01
1.911644075385699748e-01
2.049074689815845729e-01
2.196385372416546911e-01
2.354286414322415422e-01
2.523539170434765944e-01
2.704959730463131762e-01
2.899422853882875351e-01
3.107866187782014067e-01
3.331294787934669932e-01
3.570785964900462517e-01
3.827494478516307308e-01
4.102658105827190482e-01
4.397603609302720984e-01
4.713753134116719368e-01
5.052631065335679850e-01
5.415871378079465392e-01
5.805225516094895122e-01
6.222570836730231258e-01
6.669919663030114965e-01
7.149428986597576863e-01
7.663410868007446419e-01
8.214343584919422403e-01
8.804883581643464519e-01
9.437878277775371139e-01
1.011637979766206952e+00
1.084365968689608550e+00
1.162322468679851895e+00
1.245883364295008233e+00
1.335451562929897307e+00
1.431458937523478525e+00
1.534368408930010030e+00
1.644676177994662813e+00
1.762914118095948002e+00
1.889652339691207716e+00
2.025501939230666348e+00
2.171117945694500673e+00
2.327202478960407106e+00
2.494508135230316448e+00
2.673841615839943842e+00
2.866067616948250851e+00
3.072112998861753042e+00
3.292971255097148386e+00
3.529707302730649587e+00
3.783462617131925221e+00
4.055460735840827446e+00
4.347013158125016652e+00
4.659525668664677767e+00
4.994505115855139898e+00
5.353566677410718455e+00
5.738441648302393006e+00
6.150985788580504376e+00
6.593188271333541906e+00
7.067181273927490182e+00
7.575250258771906609e+00
8.119844993184006654e+00
8.703591361485168321e+00
9.329304026284678031e+00
1.000000000000000178e+01
1.019852905968821588e+01
1.040099949813050095e+01
1.060748956314864344e+01
1.081807905601109177e+01
1.103284936227335500e+01
1.125188348323073839e+01
1.147526606799545590e+01
1.170308344621057550e+01
1.193542366141346811e+01
1.217237650506155511e+01
1.241403355123363639e+01
1.266048819202007181e+01
1.291183567361561835e+01
1.316817313312878746e+01
1.342959963612195118e+01
1.369621621489680408e+01
1.396812590753979499e+01
1.424543379774284624e+01
1.452824705541450356e+01
1.481667497809745271e+01
1.511082903320821558e+01
1.541082290111543251e+01
1.571677251907344086e+01
1.602879612602796300e+01
1.634701430831140101e+01
1.667155004624529013e+01
1.700252876166789662e+01
1.734007836640547850e+01
1.768432931170571720e+01
1.803541463865268213e+01
1.839347002958256283e+01
1.875863386052019877e+01
1.913104725465666434e+01
1.951085413688843673e+01
1.989820128943947353e+01
2.029323840858740269e+01
2.069611816251596181e+01
2.110699625031601201e+01
2.152603146215779972e+01
2.195338574065790738e+01
2.238922424346446149e+01
2.283371540708482783e+01
2.328703101198050618e+01
2.374934624895438162e+01
2.422083978685586203e+01
2.470169384163019899e+01
2.519209424673870501e+01
2.569223052497689253e+01
2.620229596171853714e+01
2.672248767961377425e+01
2.725300671477013381e+01
2.779405809444613240e+01
2.834585091628712661e+01
2.890859842913440048e+01
2.948251811543843459e+01
3.006783177530830642e+01
3.066476561222984998e+01
3.127355032048539485e+01
3.189442117430919410e+01
3.252761811881275378e+01
3.317338586271528555e+01
3.383197397291519337e+01
3.450363697093909110e+01
3.518863443130548774e+01
3.588723108184144195e+01
3.659969690599061920e+01
3.732630724715260584e+01
3.806734291509366130e+01
3.882309029446989257e+01
3.959384145550507839e+01
4.037989426686565508e+01
4.118155251077668311e+01
4.199912600042321031e+01
4.283293069968229361e+01
4.368328884523214128e+01
4.455052907108541405e+01
4.543498653559491629e+01
4.633700305098074068e+01
4.725692721542884556e+01
4.819511454781221005e+01
4.915192762508652180e+01
5.012773622241367377e+01
5.112291745606712823e+01
5.213785592917426470e+01
5.317294388035211483e+01
5.422858133529418012e+01
5.530517626136634846e+01
5.640314472527234102e+01
5.752291105384904313e+01
5.866490799805398382e+01
5.982957690020889885e+01
6.101736786456311279e+01
6.222873993124326120e+01
6.346416125365646366e+01
6.472410927941547243e+01
6.600907093485542987e+01
6.731954281321436895e+01
6.865603136654914351e+01
7.001905310146175054e+01
7.140913477871097825e+01
7.282681361678761789e+01
7.427263749953057470e+01
7.574716518786510733e+01
7.725096653574456695e+01
7.878462271037926712e+01
8.034872641683756456e+01
8.194388212710558150e+01
8.357070631369525415e+01
8.522982768788902774e+01
8.692188744271552991e+01
8.864753950074823763e+01
9.040745076682395620e+01
9.220230138577855428e+01
9.403278500529934547e+01
9.589960904399602271e+01
9.780349496479320237e+01
9.974517855375133024e+01
1.017254102044223316e+02
1.037449552078504951e+02
1.058045940483315377e+02
1.079051227050423734e+02
1.100473529596596904e+02
1.122321127100855023e+02
1.144602462904009883e+02
1.167326147971725447e+02
1.190500964222354554e+02
1.214135867920853116e+02
1.238239993140059028e+02
1.262822655290702585e+02
1.287893354721486219e+02
1.313461780390641422e+02
1.339537813610377555e+02
1.366131531865664783e+02
1.393253212708835633e+02
1.420913337731503532e+02
1.449122596615331133e+02
1.477891891263230946e+02
1.507232340012563157e+02
1.537155281931999014e+02
1.567672281203672071e+02
1.598795131592336247e+02
1.630535861003248215e+02
1.662906736130536558e+02
1.695920267197857072e+02
1.729589212793154616e+02
1.763926584799424688e+02
1.798945653423353406e+02
1.834659952323787024e+02
1.871083283842033325e+02
1.908229724335982382e+02
1.946113629620134589e+02
1.984749640513624627e+02
2.024152688498393502e+02
2.064338001489690555e+02
2.105321109721130028e+02
2.147117851746600081e+02
2.189744380561302819e+02
2.233217169844341186e+02
2.277553020325217972e+02
2.322769066276739522e+02
2.368882782136818435e+02
2.415911989261740587e+02
2.463874862813501920e+02
2.512789938783882917e+02
2.562676121157959415e+02
2.613552689219854415e+02
2.665439305003496315e+02
2.718356020891331468e+02
2.772323287363865916e+02
2.827361960903074305e+02
2.883493312052705164e+02
2.940739033638612909e+02
2.999121249152285031e+02
3.058662521300799426e+02
3.119385860726541750e+02
3.181314734900019516e+02
3.244473077189215360e+02
3.308885296109024807e+02
3.374576284754293169e+02
3.441571430420134448e+02
3.509896624413246968e+02
3.579578272058006405e+02
3.650643302901212905e+02
3.723119181119417931e+02
3.797033916132900231e+02
3.872416073430312053e+02
3.949294785608275902e+02
4.027699763630113239e+02
4.107661308308105959e+02
4.189210322013711902e+02
4.272378320620265981e+02
4.357197445682774628e+02
4.443700476859502828e+02
4.531920844580200765e+02
4.621892642965797222e+02
4.713650643004584140e+02
4.807230305990028114e+02
4.902667797225316235e+02
4.999999999999998295e+02
