# d_a
0.000000000000000000e+00
8.782198417350201680e+01
1.713965846779753122e+02
2.509585531545385209e+02
3.267260975724073546e+02
3.989023839541937377e+02
4.676768720876106045e+02
5.332265061560394770e+02
5.957167783119725755e+02
6.553026807513758740e+02
7.121295597496299479e+02
7.663338833305712114e+02
8.180439327096391935e+02
8.673804263394340524e+02
9.144570842572904894e+02
9.593811394617363248e+02
1.002253802204594422e+03
1.043170682358386784e+03
1.082222174388320809e+03
1.119493808910562620e+03
1.155066574342174818e+03
1.189017211733044405e+03
1.221418485508018421e+03
1.252339432531081684e+03
1.281845591626688019e+03
1.309999215450970269e+03
1.336859466393094181e+03
1.362482598000483449e+03
1.386922123257806106e+03
1.410228970905463711e+03
1.432451630856434804e+03
1.453636289658486021e+03
1.473826956850090937e+03
1.493065582971225012e+03
1.511392169913192447e+03
1.528844874223372017e+03
1.545460103920379197e+03
1.561272609321457594e+03
1.576315568336298384e+03
1.590620666639074443e+03
1.604218173092728193e+03
1.617137010765856530e+03
1.629404823852457412e+03
1.641048040777864344e+03
1.652091933750063845e+03
1.662560674993943849e+03
1.672477389886531228e+03
1.681864207193744051e+03
1.690742306593356943e+03
1.699131963654579522e+03
1.707052592431681205e+03
1.714522785817375734e+03
1.721560353790976706e+03
1.728182359686638392e+03
1.734405154598120134e+03
1.740244410028432640e+03
1.745715148885294411e+03
1.750831774916555787e+03
1.755608100673495528e+03
1.760057374084161893e+03
1.764192303713643014e+03
1.768025082783279004e+03
1.771567412016311209e+03
1.774830521373297188e+03
1.777825190736753484e+03
1.780561769600901471e+03
1.783050195819047303e+03
1.785300013458042940e+03
1.787320389806365029e+03
1.789120131579669305e+03
1.790707700365155688e+03
1.792091227343729770e+03
1.793278527326753647e+03
1.794277112142105807e+03
1.795094203402368294e+03
1.795736744686119437e+03
1.796211413161641985e+03
1.796524630680749397e+03
1.796682574368931682e+03
1.796691186736634336e+03
1.796556185335134614e+03
1.796283071979253918e+03
1.795877141557961977e+03
1.795343490452817377e+03
1.794687024583159882e+03
1.793912467095973398e+03
1.793024365717418050e+03
1.792027099782149207e+03
1.790924886955721377e+03
1.789721789664580456e+03
1.788421721247425694e+03
1.787028451841014430e+03
1.785545614012821034e+03
1.783976708152348237e+03
1.782325107632287427e+03
1.780594063750172381e+03
1.778786710460639142e+03
1.776906068907904910e+03
1.774955051767604800e+03
1.772936467406677139e+03
1.770853023869557546e+03
1.768707332698546224e+03
1.766501912595823796e+03
1.764239192934233415e+03
1.761921517123598278e+03
1.759551145839025139e+03
1.757130260117324497e+03
1.754660964327396869e+03
1.752145289020145128e+03
1.749585193663216160e+03
1.746982569265622487e+03
1.744339240897050331e+03
1.741656970106445669e+03
1.738937457244245024e+03
1.736182343692416907e+03
1.733393214006287963e+03
1.730571597971940719e+03
1.727718972582795686e+03
1.724836763938824106e+03
1.721926349071679624e+03
1.718989057698885517e+03
1.716026173910070611e+03
1.713038937788116073e+03
1.710028546967934744e+03
1.706996158135493488e+03
1.703942888469564195e+03
1.700869817028576335e+03
1.697777986084847726e+03
1.694668402408354268e+03
1.691542038502115020e+03
1.688399833791171886e+03
1.685242695767054329e+03
1.682071501089542153e+03
1.678887096647452154e+03
1.675690300580106850e+03
1.672481903261062371e+03
1.669262668245615259e+03
1.666033333183527702e+03
1.662794610698366114e+03
1.659547189234769121e+03
1.656291733874920283e+03
1.653028887125437677e+03
1.649759269675842461e+03
1.646483481129720985e+03
1.643202100709645720e+03
1.639915687936878157e+03
1.636624783286826187e+03
1.633329908821202707e+03
1.630031568797772707e+03
1.626730250258560091e+03
