# d_l
0.000000000000000000e+00
9.140606774283483560e+01
1.855261327990628502e+02
2.822984835771588337e+02
3.816619039715715189e+02
4.835557639378768613e+02
5.879201033198841060e+02
6.946957088223924757e+02
8.038241840957651902e+02
9.152480129648456568e+02
1.028910615894443026e+03
1.144756399836511264e+03
1.262730801650031253e+03
1.382780325323617490e+03
1.504852573263147860e+03
1.628896271932535456e+03
1.754861292155597766e+03
1.882698664401088536e+03
2.012360589382057697e+03
2.143800444305060864e+03
2.276972785105108869e+03
2.411833344998950452e+03
2.548339029682983437e+03
2.686447909493146199e+03
2.826119208833156790e+03
2.967313293164692823e+03
3.109991653839138962e+03
3.254116891035476328e+03
3.399652695053384377e+03
3.546563826194526428e+03
3.694816093449034270e+03
3.844376332188070592e+03
3.995212381047754207e+03
4.147293058174178441e+03
4.300588136984670200e+03
4.455068321585922604e+03
4.610705221976309076e+03
4.767471329146623248e+03
4.925339990181549183e+03
5.084285383452637689e+03
5.244282493983161658e+03
5.405307089055170763e+03
5.567335694120218250e+03
5.730345569066635107e+03
5.894314684888739066e+03
6.059221700796209916e+03
6.225045941795641738e+03
6.391767376770337250e+03
6.559366597079370877e+03
6.727824795692132284e+03
6.897123746870405739e+03
7.067245786406363550e+03
7.238173792421413964e+03
7.409891166728011740e+03
7.582381816753941166e+03
7.755630138026268469e+03
7.929620997210274254e+03
8.104339715696974963e+03
8.279772053731385313e+03
8.455904195072429502e+03
8.632722732174404882e+03
8.810214651879103258e+03
8.988367321606920086e+03
9.167168476034743435e+03
9.346606204248069844e+03
9.526668937354419540e+03
9.707345436544925178e+03
9.888624781590835482e+03
1.007049635976162608e+04
1.025294985515148437e+04
1.043597523840089525e+04
1.061956275680028739e+04
1.080370292476277245e+04
1.098838651465327166e+04
1.117360454796159138e+04
1.135934828680705505e+04
1.154560922576286976e+04
1.173237908398847321e+04
1.191964979765850148e+04
1.210741351267727441e+04
1.229566257766808485e+04
1.248438953722685073e+04
1.267358712543003458e+04
1.286324825958700239e+04
1.305336603422739972e+04
1.324393371531441881e+04
1.343494473467511489e+04
1.362639268463923690e+04
1.381827131287839802e+04
1.401057451743768615e+04
1.420329634195208564e+04
1.439643097104041226e+04
1.458997272586962754e+04
1.478391605988291303e+04
1.497825555468486527e+04
1.517298591607758135e+04
1.536810197024165791e+04
1.556359866005631739e+04
1.575947104155313536e+04
1.595571428049798487e+04
1.615232364909622811e+04
1.634929452281613521e+04
1.654662237732587164e+04
1.674430278553965763e+04
1.694233141476854871e+04
1.714070402397201178e+04
1.733941646110598595e+04
1.753846466056396093e+04
1.773784464070714239e+04
1.793755250148037885e+04
1.813758442211047077e+04
1.833793665888358737e+04
1.853860554299876458e+04
1.873958747849458086e+04
1.894087894024603156e+04
1.914247647202909866e+04
1.934437668465019306e+04
1.954657625413821006e+04
1.974907191999660063e+04
1.995186048351333739e+04
2.015493880612643625e+04
2.035830380784308727e+04
2.056195246571022290e+04
2.076588181233472278e+04
2.097008893445128342e+04
2.117457097153630457e+04
2.137932511446590797e+04
2.158434860421669873e+04
2.178963873060743208e+04
2.199519283108029413e+04
2.220100828952025040e+04
2.240708253511103612e+04
2.261341304122663132e+04
2.281999732435668557e+04
2.302683294306496828e+04
2.323391749697935666e+04
2.344124862581252455e+04
2.364882400841196795e+04
2.385664136183861046e+04
2.406469844047273000e+04
2.427299303514643179e+04
2.448152297230162731e+04
2.469028611317271498e+04
2.489928035299302428e+04
2.510850362022432091e+04
2.531795387580846000e+04
2.552762911244049610e+04
2.573752735386252243e+04
2.594764665417754441e+04
2.615798509718266723e+04
