# d_m
0.000000000000000000e+00
8.959610613566471216e+01
1.783214668240250660e+02
2.661676520470585388e+02
3.531273204903387750e+02
4.391942019307750797e+02
5.243630755097733527e+02
6.086297443084405359e+02
6.919910066458807023e+02
7.744446245201999091e+02
8.559892896050921536e+02
9.366245872035592583e+02
1.016350958545022877e+03
1.095169661793541763e+03
1.173082732113681232e+03
1.250092941117423607e+03
1.326203755990992249e+03
1.401419298575022140e+03
1.475744304645765169e+03
1.549184083619254579e+03
1.621744478875053574e+03
1.693431828871606513e+03
1.764252929201581992e+03
1.834214995713140752e+03
1.903325628801936091e+03
1.971592778958926601e+03
2.039024713640903201e+03
2.105629985513901374e+03
2.171417402104570556e+03
2.236395996880885832e+03
2.300575001771442203e+03
2.363963821121796627e+03
2.426572007076941645e+03
2.488409236370766848e+03
2.549485288496522116e+03
2.609810025226272955e+03
2.669393371442609350e+03
2.728245297241797743e+03
2.786375801264525307e+03
2.843794895207939589e+03
2.900512589471013598e+03
2.956538879884073594e+03
3.011883735472777516e+03
3.066557087206582310e+03
3.120568817681999917e+03
3.173928751691458274e+03
3.226646647629411291e+03
3.278732189688367725e+03
3.330194980798781216e+03
3.381044536268095726e+03
3.431290278075761307e+03
3.480941529782646285e+03
3.530007512014894473e+03
3.578497338484016836e+03
3.626420012506700004e+03
3.673784423989553488e+03
3.720599346845732271e+03
3.766873436812082218e+03
3.812615229637111497e+03
3.857833139611720981e+03
3.902535458416220081e+03
3.946730354258701027e+03
3.990425871281303898e+03
4.033629929212346269e+03
4.076350323243654657e+03
4.118594724113762823e+03
4.160370678378858429e+03
4.201685608854576458e+03
4.242546815212854199e+03
4.282961474719142643e+03
4.322936643096284570e+03
4.362479255502310480e+03
4.401596127610338044e+03
4.440293956779588370e+03
4.478579323307358209e+03
4.516458691752504819e+03
4.553938412321757824e+03
4.591024722310798097e+03
4.627723747592674954e+03
4.664041504146730404e+03
4.699983899621714954e+03
4.735556734927320576e+03
4.770765705848808466e+03
4.805616404679846710e+03
4.840114321869107698e+03
4.874264847676542558e+03
4.908073273835610962e+03
4.941544795218064792e+03
4.974684511498215215e+03
5.007497428813871920e+03
5.039988461421436114e+03
5.072162433342841723e+03
5.104024080002287519e+03
5.135578049850917523e+03
5.166828905977786235e+03
5.197781127705620747e+03
5.228439112170077351e+03
5.258807175881333933e+03
5.288889556266987711e+03
5.318690413195373367e+03
5.348213830478529417e+03
5.377463817354150706e+03
5.406444309945956775e+03
5.435159172702021351e+03
5.463612199810652783e+03
5.491807116593548017e+03
5.519747580875939093e+03
5.547437184333603000e+03
5.574879453816579371e+03
5.602077852649556007e+03
5.629035781908894933e+03
5.655756581676335372e+03
5.682243532269431853e+03
5.708499855448842936e+03
5.734528715602590637e+03
5.760333220907473333e+03
5.785916424467798606e+03
5.811281325431676123e+03
5.836430870085076094e+03
5.861367952923927987e+03
5.886095417704505962e+03
5.910616058472398436e+03
5.934932620570343715e+03
5.959047801625240027e+03
5.982964252514631880e+03
6.006684578313011116e+03
6.030211339218226385e+03
6.053547051458369424e+03
6.076694188179432786e+03
6.099655180314102836e+03
6.122432417432014518e+03
6.145028248571799850e+03
6.167444983055293051e+03
6.189684891284193327e+03
6.211750205519571864e+03
6.233643120644503142e+03
6.255365794910212571e+03
6.276920350666019658e+03
6.298308875073448689e+03
6.319533420804802518e+03
6.340596006726540509e+03
6.361498618567766243e+03
6.382243209574155117e+03
6.402831701147611966e+03
6.423265983471987056e+03
6.443547916125135998e+03
6.463679328677622834e+03
6.483662021278367320e+03
6.503497765227516538e+03
6.523188303536825515e+03
