# f_ap
0.000000000000000000e+00
2.029964492506968268e-02
4.080249016474864904e-02
6.151823856343910379e-02
8.245632801188365613e-02
1.036259181624064052e-01
1.250358791878944387e-01
1.466947825143704587e-01
1.686108934443073526e-01
1.907921655773279213e-01
2.132462369265285262e-01
2.359804276223308184e-01
2.590017390913366691e-01
2.823168545950239250e-01
3.059321410121100815e-01
3.298536517488349085e-01
3.540871306631440674e-01
3.786380168915391420e-01
4.035114504711093675e-01
4.287122786537285735e-01
4.542450628144875102e-01
4.801140858619558083e-01
5.063233600637093712e-01
5.328766352066005574e-01
5.597774070173761052e-01
5.870289257753674717e-01
6.146342050550379632e-01
6.425960305420543861e-01
6.709169688722741443e-01
6.995993764484845778e-01
7.286454081949311767e-01
7.580570262145616134e-01
7.878360083185244056e-01
8.179839564016649911e-01
8.485023046418100900e-01
8.793923275041463095e-01
9.106551475354224268e-01
9.422917429356305608e-01
9.743029548976167575e-01
1.006689494707468491e+00
1.039451950600744690e+00
1.072590794371535150e+00
1.106106387733064356e+00
1.139998988430041882e+00
1.174268756104275058e+00
1.208915757916178890e+00
1.243939973925779707e+00
1.279341302237630096e+00
1.315119563914711520e+00
1.351274507666985203e+00
1.387805814320673070e+00
1.424713101074714050e+00
1.461995925551121234e+00
1.499653789646125057e+00
1.537686143189139543e+00
1.576092387416647034e+00
1.614871878268096861e+00
1.654023929510917368e+00
1.693547815701655912e+00
1.733442774990159307e+00
1.773708011773601934e+00
1.814342699207036613e+00
1.855345981576937975e+00
1.896716976544090771e+00
1.938454777261920059e+00
1.980558454376259769e+00
2.023027057912249571e+00
2.065859619053942442e+00
2.109055151821906282e+00
2.152612654653999869e+00
2.196531111894197696e+00
2.240809495194208800e+00
2.285446764832388400e+00
2.330441870954262473e+00
2.375793754738808161e+00
2.421501349494396216e+00
2.467563581688181795e+00
2.513979371912496319e+00
2.560747635791666532e+00
2.607867284832485755e+00
2.655337227221419294e+00
2.703156368571490997e+00
2.751323612621610071e+00
2.799837861890981383e+00
2.848698018291110134e+00
2.897902983697768775e+00
2.947451660485197689e+00
2.997342952024628193e+00
3.047575763149191985e+00
3.098149000587108848e+00
3.149061573364974276e+00
3.200312393182842552e+00
3.251900374762746626e+00
3.303824436172173140e+00
3.356083499123958536e+00
3.408676489253961162e+00
3.461602336377804345e+00
3.514859974727932546e+00
3.568448343172128556e+00
3.622366385414567791e+00
3.676613050180464803e+00
3.731187291385289040e+00
3.786088068289437558e+00
3.841314345639273764e+00
3.896865093795330637e+00
3.952739288848448052e+00
4.008935912724595596e+00
4.065453953279051014e+00
4.122292404380593744e+00
4.179450265986334401e+00
4.236926544207729073e+00
4.294720251368380204e+00
4.352830406054074786e+00
4.411256033155591894e+00
4.469996161411153857e+00
4.529049833214396692e+00
4.588416090251369539e+00
4.648093982930747714e+00
4.708082568086672914e+00
4.768380908986850741e+00
4.828988075336086538e+00
4.889903143275637909e+00
4.951125195378549115e+00
5.012653320641365262e+00
5.074486614472391466e+00
5.136624178676763464e+00
5.199065121438569470e+00
5.261808557300219569e+00
5.324853607139248268e+00
5.388199398142775820e+00
5.451845063779781064e+00
5.515789743771331466e+00
5.580032584058986167e+00
5.644572736771457322e+00
5.709409360189708238e+00
5.774541618710604673e+00
5.839968682809233869e+00
5.905689729000032528e+00
5.971703939796805471e+00
6.038010503671748630e+00
6.104608615013564332e+00
6.171497474084781665e+00
6.238676286978337870e+00
6.306144265573522922e+00
6.373900627491331683e+00
6.441944596049330229e+00
6.510275400216086084e+00
6.578892274565210307e+00
6.647794459229080744e+00
6.716981199852321893e+00
