# h
2.243885668397968959e-04
2.265683833885855168e-04
2.288142358374284520e-04
2.311259016274549820e-04
2.335031112783571652e-04
2.359455514368099702e-04
2.384528679223600937e-04
2.410246687516946480e-04
2.436605271238623358e-04
2.463599843507617397e-04
2.491225527189819700e-04
2.519477182708684880e-04
2.548349434944359058e-04
2.577836699134618162e-04
2.607933205707291366e-04
2.638633023989302552e-04
2.669930084751993122e-04
2.701818201565671525e-04
2.734291090948627557e-04
2.767342391306763577e-04
2.800965680669874618e-04
2.835154493239168579e-04
2.869902334768107354e-04
2.905202696805008616e-04
2.941049069831169218e-04
2.977434955332611244e-04
3.014353876847033131e-04
3.051799390030153036e-04
3.089765091787550176e-04
3.128244628519347972e-04
3.167231703525716043e-04
3.206720083621344259e-04
3.246703605006721134e-04
3.287176178443372327e-04
3.328131793779280385e-04
3.369564523869368481e-04
3.411468527934597263e-04
3.453838054401476795e-04
3.496667443262174105e-04
3.539951127993476768e-04
3.583683637071041154e-04
3.627859595113399737e-04
3.672473723688309899e-04
3.717520841812084324e-04
3.762995866170679334e-04
3.808893811089452157e-04
3.855209788276728680e-04
3.901939006364569563e-04
3.949076770268472960e-04
3.996618480386146402e-04
4.044559631653973355e-04
4.092895812478332482e-04
4.141622703557609818e-04
4.190736076609383361e-04
4.240231793016133676e-04
4.290105802401613256e-04
4.340354141149001276e-04
4.390972930870962057e-04
4.441958376840785005e-04
4.493306766392938666e-04
4.545014467300554045e-04
4.597077926136671454e-04
4.649493666625303446e-04
4.702258287987837854e-04
4.755368463289629476e-04
4.808820937791211548e-04
4.862612527307931466e-04
4.916740116581486174e-04
4.971200657666329003e-04
5.025991168333631375e-04
5.081108730495061555e-04
5.136550488648380800e-04
5.192313648346543386e-04
5.248395474691761476e-04
5.304793290855750213e-04
5.361504476627116907e-04
5.418526466986747564e-04
5.475856750711808772e-04
5.533492869008850654e-04
5.591432414176361089e-04
5.649673028296980449e-04
5.708212401959534069e-04
5.767048273010837991e-04
5.826178425337248711e-04
5.885600687675797546e-04
5.945312932454674361e-04
6.005313074662842719e-04
6.065599070748378804e-04
6.126168917545237033e-04
6.187020651227970744e-04
6.248152346294049081e-04
6.309562114573187856e-04
6.371248104263307335e-04
6.433208498992539067e-04
6.495441516906792778e-04
6.557945409782318458e-04
6.620718462162729140e-04
6.683758990519937920e-04
6.747065342438433519e-04
6.810635895822357696e-04
6.874469058124799050e-04
6.938563265598784958e-04
7.002916982569371007e-04
7.067528700726321590e-04
7.132396938436813549e-04
7.197520240077639195e-04
7.262897175386355758e-04
7.328526338830905311e-04
7.394406348997148958e-04
7.460535847993841506e-04
7.526913500874522940e-04
7.593537995075891941e-04
7.660408039872126928e-04
7.727522365844757823e-04
7.794879724367577856e-04
7.862478887106194277e-04
7.930318645531762595e-04
7.998397810448520549e-04
8.066715211534652335e-04
8.135269696896162183e-04
8.204060132633286730e-04
8.273085402419153456e-04
8.342344407090240659e-04
8.411836064248347320e-04
8.481559307873680386e-04
8.551513087948754786e-04
8.621696370092743001e-04
8.692108135206013959e-04
8.762747379124491550e-04
8.833613112283573640e-04
8.904704359391316668e-04
8.976020159110573594e-04
9.047559563749891110e-04
9.119321638962773644e-04
9.191305463455225243e-04
9.263510128701129154e-04
9.335934738665428246e-04
9.408578409534679079e-04
9.481440269454928689e-04
9.554519458276533508e-04
9.627815127305859718e-04
9.701326439063535445e-04
9.775052567049140936e-04
9.848992695512101461e-04
9.923146019228605130e-04
9.997511743284372143e-04
1.007208908286309984e-03
1.014687726304041009e-03
1.022187551858312659e-03
1.029708309375375417e-03
