# mu
-inf
3.480487513073502015e+01
3.634202546008069845e+01
3.725354272626699270e+01
3.790839406250911026e+01
3.842223282202312618e+01
3.884659155346813719e+01
3.920897308109617541e+01
3.952580534183383065e+01
3.980769397343110683e+01
4.006188824062499521e+01
4.029356540079300686e+01
4.050655387146604625e+01
4.070376595811170262e+01
4.088746977621255496e+01
4.105946714664496255e+01
4.122121397314850810e+01
4.137390407257315417e+01
4.151852901697780851e+01
4.165592178297056591e+01
4.178678919930032976e+01
4.191173647619654474e+01
4.203128602908148537e+01
4.214589211985389738e+01
4.225595238460184078e+01
4.236181701083869200e+01
4.246379611764790241e+01
4.256216574580062684e+01
4.265717276120238921e+01
4.274903890045842303e+01
4.283796413302098927e+01
4.292412947431751036e+01
4.300769935437705271e+01
4.308882362395185339e+01
4.316763926299171317e+01
4.324427184316664352e+01
4.331883678593830922e+01
4.339144044972199055e+01
4.346218107342031090e+01
4.353114959865082767e+01
4.359843038903535728e+01
4.366410186174598351e+01
4.372823704394134836e+01
4.379090406464795393e+01
4.385216659094457725e+01
4.391208421591634448e+01
4.397071280469807419e+01
4.402810480397697290e+01
4.408430951953494059e+01
4.413937336575155257e+01
4.419334009043538458e+01
4.424625097788662487e+01
4.429814503270000614e+01
4.434905914648464886e+01
4.439902824939315451e+01
4.444808544811098727e+01
4.449626215174961885e+01
4.454358818690941746e+01
4.459009190302505488e+01
4.463580026897373898e+01
4.468073896181257965e+01
4.472493244841153626e+01
4.476840406066208544e+01
4.481117606486641591e+01
4.485326972584571337e+01
4.489470536624837393e+01
4.493550242148829454e+01
4.497567949069845383e+01
4.501525438404562607e+01
4.505424416671733923e+01
4.509266519986101684e+01
4.513053317872815740e+01
4.516786316825178460e+01
4.520466963626392243e+01
4.524096648454026592e+01
4.527676707784219445e+01
4.531208427111062775e+01
4.534693043495231279e+01
4.538131747954680861e+01
4.541525687709126657e+01
4.544875968288967272e+01
4.548183655518467816e+01
4.551449777382138251e+01
4.554675325782535822e+01
4.557861258197038978e+01
4.561008499240513459e+01
4.564117942140268980e+01
4.567190450129174195e+01
4.570226857762343542e+01
4.573227972162415256e+01
4.576194574198022735e+01
4.579127419599743121e+01
4.582027240017480096e+01
4.584894744022933111e+01
4.587730618060568588e+01
4.590535527350225209e+01
4.593310116744307692e+01
4.596055011542264879e+01
4.598770818264907234e+01
4.601458125390908549e+01
4.604117504057698085e+01
4.606749508728786680e+01
4.609354677829439595e+01
4.611933534352490227e+01
4.614486586435948823e+01
4.617014327913978633e+01
4.619517238842702511e+01
4.621995786002187145e+01
4.624450423375915875e+01
4.626881592608924620e+01
4.629289723445746318e+01
4.631675234149208364e+01
4.634038531901087765e+01
4.636380013185555526e+01
4.638700064156275005e+01
4.640999060988010427e+01
4.643277370213482413e+01
4.645535349046241436e+01
4.647773345690234237e+01
4.649991699636697007e+01
4.652190741949026176e+01
4.654370795536173944e+01
4.656532175415129871e+01
4.658675188963008651e+01
4.660800136159222973e+01
4.662907309818209001e+01
4.664996995813145730e+01
4.667069473291071091e+01
4.669125014879797675e+01
4.671163886886994021e+01
4.673186349491780334e+01
4.675192656929180401e+01
4.677183057667738098e+01
4.679157794580598306e+01
4.681117105110349996e+01
4.683061221427881549e+01
4.684990370585520481e+01
4.686904774664700568e+01
4.688804650918378059e+01
4.690690211908429319e+01
4.692561665638237400e+01
4.694419215680657942e+01
4.696263061301570474e+01
4.698093397579182806e+01
4.699910415519264717e+01
4.701714302166486448e+01
4.703505240711996294e+01
4.705283410597409954e+01
4.707048987615340963e+01
4.708802144006610746e+01
