# rs_dv
inf
1.644304895037240088e+00
8.275430606066614958e-01
5.553681166988706508e-01
4.193390936223260201e-01
3.377677667481960300e-01
2.834247050196631590e-01
2.446401349742474141e-01
2.155791566945304827e-01
1.930001490680074427e-01
1.749581318333367497e-01
1.602153846350529154e-01
1.479467564949760450e-01
1.375809862427193886e-01
1.287100284241352866e-01
1.210346487970726248e-01
1.143304214696245213e-01
1.084257270046166677e-01
1.031870844483260274e-01
9.850911531202836968e-02
9.430751832377200217e-02
9.051405136133565399e-02
8.707288191894775597e-02
8.393788959869143140e-02
8.107064295396153308e-02
7.843886186764091606e-02
7.601523474533999902e-02
7.377649853581350059e-02
7.170271587292360860e-02
6.977670175920552831e-02
6.798356489905718614e-02
6.631033779393476213e-02
6.474567618380878964e-02
6.327961312595324628e-02
6.190335646302465300e-02
6.060912100333615965e-02
5.938998866443399166e-02
5.823979129026805868e-02
5.715301196583275761e-02
5.612470150975897021e-02
5.515040748920699287e-02
5.422611361955214510e-02
5.334818781846756286e-02
5.251333750591256205e-02
5.171857099759628179e-02
5.096116404433632951e-02
5.023863073450440808e-02
4.954869810997208912e-02
4.888928395421340833e-02
4.825847729958428201e-02
4.765452127325820603e-02
4.707579796097063896e-02
4.652081501707138605e-02
4.598819379035171823e-02
4.547665876925466311e-02
4.498502817863095360e-02
4.451220558417110645e-02
4.405717238082670212e-02
4.361898105858631747e-02
4.319674915342369692e-02
4.278965380351976155e-02
4.239692684133326145e-02
4.201785036104754151e-02
4.165175270859565460e-02
4.129800484806155775e-02
4.095601706393818542e-02
4.062523596363128847e-02
4.030514174884725770e-02
3.999524572819070783e-02
3.969508804650337397e-02
3.940423560927130975e-02
3.912228018286691839e-02
3.884883665352861781e-02
3.858354142985331858e-02
3.832605097522163995e-02
3.807604045802335385e-02
3.783320250882742791e-02
3.759724607476781777e-02
3.736789536241351406e-02
3.714488886127553097e-02
3.692797844088738929e-02
3.671692851509348460e-02
3.651151526780021389e-02
3.631152593499862441e-02
3.611675813836145305e-02
3.592701926615951558e-02
3.574212589763827580e-02
3.556190326735026580e-02
3.538618476625757930e-02
3.521481147670505601e-02
3.504763173862296410e-02
3.488450074454951116e-02
3.472528016127399836e-02
3.456983777609014263e-02
3.441804716582055890e-02
3.426978738692844362e-02
3.412494268517266005e-02
3.398340222339034378e-02
3.384505982610643698e-02
3.370981373977518375e-02
3.357756640755390348e-02
3.344822425759717138e-02
3.332169750393852714e-02
3.319789995909968455e-02
3.307674885763351585e-02
3.295816468986763337e-02
3.284207104517071485e-02
3.272839446411493491e-02
3.261706429895392528e-02
3.250801258187876325e-02
3.240117390055352597e-02
3.229648528046805134e-02
3.219388607367863753e-02
3.209331785353812527e-02
3.199472432694313445e-02
3.189805119309092885e-02
3.180324612329531869e-02
3.171025863073767548e-02
3.161904000127625791e-02
3.152954321716698594e-02
3.144172288465772042e-02
3.135553516522975731e-02
3.127093771027553148e-02
3.118788959901474395e-02
3.110635127946445588e-02
3.102628451229021839e-02
3.094765231737655817e-02
3.087041892296537790e-02
3.079454971722018000e-02
3.072001120208304320e-02
3.064677094929954548e-02
3.057479755849438346e-02
3.050406061718773792e-02
3.043453066264875662e-02
3.036617914548950248e-02
3.029897839490734365e-02
3.023290158549055487e-02
3.016792270550563287e-02
3.010401652659063648e-02
3.004115857478245957e-02
2.997932510281079224e-02
2.991849306359464084e-02
2.985864008488164911e-02
2.979974444497328692e-02
2.974178504948246995e-02
2.968474140907301564e-02
2.962859361813312969e-02
2.957332233433793145e-02
2.951890875905819472e-02
2.946533461857498912e-02
